-0.71 0.23 -0.65
-0.71 0.23 -0.65
-0.71 0.24 -0.65
-0.71 0.24 -0.65
-0.71 0.24 -0.65
-0.71 0.24 -0.65
-0.71 0.24 -0.65
-0.71 0.23 -0.65
-0.71 0.23 -0.65
-0.71 0.23 -0.65
-0.71 0.24 -0.65
-0.71 0.24 -0.65
-0.71 0.23 -0.65
-0.71 0.24 -0.65
-0.71 0.23 -0.65
-0.71 0.23 -0.64
-0.71 0.23 -0.65
-0.71 0.24 -0.65
-0.71 0.24 -0.65
-0.71 0.24 -0.65
-0.71 0.24 -0.65
-0.71 0.24 -0.65
-0.71 0.24 -0.65
-0.71 0.24 -0.65
-0.71 0.23 -0.65
-0.71 0.23 -0.65
-0.71 0.24 -0.65
-0.71 0.24 -0.65
-0.71 0.24 -0.65
-0.71 0.23 -0.65
-0.71 0.23 -0.65
-0.71 0.24 -0.65
-0.71 0.24 -0.65
-0.71 0.23 -0.65
-0.71 0.23 -0.65
-0.71 0.23 -0.65
-0.71 0.24 -0.65
-0.71 0.24 -0.65
-0.71 0.24 -0.65
-0.71 0.24 -0.65
-0.71 0.23 -0.65
-0.71 0.23 -0.65
-0.71 0.23 -0.65
-0.71 0.23 -0.65
-0.71 0.23 -0.65
-0.71 0.23 -0.65
-0.71 0.24 -0.65
-0.71 0.24 -0.65
-0.71 0.24 -0.65
-0.71 0.24 -0.65
-0.71 0.24 -0.65
-0.71 0.24 -0.65
-0.71 0.23 -0.65
-0.71 0.24 -0.65
-0.71 0.23 -0.65
-0.71 0.23 -0.65
-0.71 0.23 -0.65
-0.71 0.23 -0.65
-0.71 0.24 -0.65
-0.71 0.24 -0.65
-0.71 0.23 -0.65
-0.71 0.24 -0.65
-0.71 0.24 -0.65
-0.71 0.24 -0.65
-0.71 0.24 -0.65
-0.71 0.24 -0.65
-0.71 0.23 -0.65
-0.71 0.24 -0.65
-0.71 0.24 -0.65
-0.71 0.24 -0.65
-0.71 0.23 -0.65
-0.71 0.23 -0.65
-0.71 0.23 -0.65
-0.71 0.23 -0.65
-0.71 0.24 -0.65
-0.71 0.24 -0.65
-0.71 0.24 -0.65
-0.71 0.24 -0.65
-0.71 0.24 -0.65
-0.71 0.23 -0.65
-0.71 0.24 -0.65
-0.71 0.24 -0.65
-0.71 0.24 -0.65
-0.71 0.23 -0.65
-0.71 0.24 -0.65
-0.71 0.24 -0.65
-0.72 0.23 -0.65
-0.76 0.22 -0.60
-0.83 0.23 -0.50
-0.88 0.31 -0.39
-0.92 0.39 -0.25
-0.95 0.46 -0.12
-0.95 0.53 0.02
-0.93 0.56 0.15
-0.92 0.57 0.23
-0.92 0.57 0.23
-0.89 0.58 0.32
-0.88 0.58 0.36
-0.87 0.59 0.36
-0.88 0.59 0.37
-0.89 0.58 0.37
-0.90 0.59 0.38
-0.89 0.57 0.38
-0.89 0.57 0.39
-0.90 0.55 0.41
-0.90 0.55 0.41
-0.91 0.53 0.43
-0.90 0.51 0.46
-0.88 0.51 0.50
-0.85 0.52 0.54
-0.84 0.51 0.56
-0.86 0.48 0.55
-0.89 0.43 0.51
-0.92 0.39 0.47
-0.93 0.37 0.46
-0.93 0.37 0.46
-0.95 0.34 0.41
-0.97 0.34 0.36
-0.98 0.34 0.28
-1.00 0.33 0.16
-1.00 0.27 0.04
-0.99 0.24 -0.04
-0.99 0.21 -0.11
-0.98 0.17 -0.16
-0.96 0.13 -0.24
-0.96 0.13 -0.24
-0.94 0.09 -0.29
-0.91 0.04 -0.34
-0.88 -0.00 -0.39
-0.90 -0.04 -0.35
-0.92 -0.09 -0.29
-0.91 -0.15 -0.29
-0.89 -0.19 -0.30
-0.88 -0.22 -0.31
-0.86 -0.25 -0.33
-0.85 -0.27 -0.33
-0.85 -0.30 -0.30
-0.85 -0.32 -0.28
-0.86 -0.36 -0.22
-0.86 -0.36 -0.22
-0.88 -0.32 -0.21
-0.88 -0.29 -0.24
-0.89 -0.27 -0.25
-0.89 -0.24 -0.27
-0.89 -0.22 -0.29
-0.87 -0.24 -0.31
-0.84 -0.30 -0.33
-0.82 -0.37 -0.32
-0.81 -0.41 -0.30
-0.80 -0.44 -0.28
-0.79 -0.46 -0.26
-0.80 -0.46 -0.24
-0.82 -0.43 -0.22
-0.86 -0.36 -0.21
-0.88 -0.31 -0.21
-0.89 -0.24 -0.25
-0.87 -0.21 -0.32
-0.86 -0.26 -0.32
-0.82 -0.33 -0.34
-0.80 -0.39 -0.31
-0.79 -0.43 -0.30
-0.79 -0.44 -0.29
-0.82 -0.43 -0.24
-0.85 -0.38 -0.21
-0.89 -0.32 -0.17
-0.92 -0.28 -0.14
-0.94 -0.26 -0.04
-0.94 -0.25 0.06
-0.93 -0.26 0.14
-0.92 -0.28 0.21
-0.91 -0.30 0.25
-0.89 -0.33 0.27
-0.87 -0.37 0.26
-0.87 -0.37 0.26
-0.85 -0.41 0.24
-0.84 -0.45 0.23
-0.80 -0.50 0.24
-0.75 -0.56 0.27
-0.71 -0.60 0.30
-0.71 -0.59 0.30
-0.70 -0.60 0.28
-0.77 -0.55 0.20
-0.83 -0.47 0.16
-0.83 -0.38 0.16
-0.88 -0.38 0.17
-0.90 -0.33 0.15
-0.90 -0.34 0.17
-0.87 -0.38 0.22
-0.86 -0.41 0.24
-0.85 -0.42 0.24
-0.85 -0.43 0.22
-0.84 -0.45 0.19
-0.83 -0.47 0.14
-0.83 -0.47 0.10
-0.83 -0.47 0.10
-0.83 -0.47 0.13
-0.79 -0.53 0.18
-0.74 -0.58 0.26
-0.69 -0.61 0.32
-0.65 -0.63 0.34
-0.63 -0.64 0.37
-0.62 -0.64 0.40
-0.60 -0.63 0.42
-0.60 -0.64 0.42
-0.60 -0.64 0.42
-0.62 -0.63 0.41
-0.65 -0.60 0.40
-0.72 -0.53 0.38
-0.77 -0.47 0.38
-0.79 -0.44 0.39
-0.81 -0.41 0.38
-0.83 -0.38 0.38
-0.85 -0.36 0.36
-0.85 -0.36 0.35
-0.85 -0.36 0.35
-0.86 -0.36 0.33
-0.86 -0.37 0.30
-0.87 -0.38 0.25
-0.89 -0.36 0.16
-0.90 -0.34 0.07
-0.90 -0.34 0.06
-0.89 -0.36 0.04
-0.87 -0.40 0.09
-0.84 -0.43 0.17
-0.84 -0.43 0.17
-0.82 -0.45 0.25
-0.79 -0.46 0.35
-0.75 -0.48 0.41
-0.73 -0.50 0.43
-0.71 -0.51 0.46
-0.68 -0.51 0.48
-0.67 -0.52 0.48
-0.66 -0.53 0.48
-0.68 -0.52 0.47
-0.68 -0.52 0.47
-0.75 -0.46 0.42
-0.84 -0.39 0.35
-0.87 -0.34 0.32
-0.89 -0.31 0.31
-0.89 -0.31 0.33
-0.89 -0.30 0.34
-0.89 -0.30 0.34
-0.88 -0.30 0.35
-0.88 -0.31 0.34
-0.88 -0.31 0.34
-0.90 -0.30 0.30
-0.92 -0.28 0.23
-0.93 -0.26 0.17
-0.93 -0.25 0.13
-0.93 -0.25 0.12
-0.94 -0.24 0.10
-0.94 -0.23 0.08
-0.94 -0.22 0.06
-0.95 -0.21 0.05
-0.95 -0.21 0.05
-0.95 -0.20 0.06
-0.95 -0.20 0.09
-0.95 -0.22 0.12
-0.93 -0.26 0.16
-0.92 -0.30 0.21
-0.89 -0.35 0.26
-0.85 -0.40 0.29
-0.83 -0.43 0.31
-0.81 -0.44 0.33
-0.81 -0.44 0.33
-0.80 -0.44 0.36
-0.80 -0.43 0.38
-0.80 -0.43 0.40
-0.79 -0.42 0.41
-0.78 -0.41 0.44
-0.77 -0.41 0.47
-0.75 -0.41 0.50
-0.75 -0.42 0.49
-0.77 -0.42 0.45
-0.77 -0.42 0.45
-0.80 -0.40 0.42
-0.84 -0.37 0.37
-0.87 -0.35 0.30
-0.89 -0.32 0.28
-0.90 -0.30 0.27
-0.91 -0.28 0.27
-0.92 -0.26 0.26
-0.92 -0.26 0.27
-0.92 -0.26 0.28
-0.92 -0.26 0.28
-0.91 -0.27 0.29
-0.90 -0.31 0.27
-0.89 -0.33 0.27
-0.87 -0.36 0.26
-0.86 -0.39 0.26
-0.85 -0.40 0.26
-0.84 -0.42 0.26
-0.83 -0.44 0.25
-0.83 -0.46 0.24
-0.83 -0.46 0.24
-0.83 -0.46 0.22
-0.84 -0.44 0.20
-0.87 -0.40 0.16
-0.90 -0.35 0.13
-0.91 -0.31 0.12
-0.92 -0.28 0.12
-0.93 -0.26 0.11
-0.93 -0.25 0.10
-0.93 -0.24 0.09
-0.93 -0.24 0.09
-0.93 -0.25 0.12
-0.92 -0.28 0.14
-0.91 -0.31 0.16
-0.89 -0.35 0.17
-0.87 -0.39 0.18
-0.86 -0.40 0.21
-0.85 -0.41 0.24
-0.83 -0.44 0.28
-0.81 -0.45 0.31
-0.81 -0.45 0.31
-0.79 -0.47 0.33
-0.76 -0.50 0.34
-0.73 -0.52 0.36
-0.74 -0.51 0.36
-0.75 -0.51 0.38
-0.76 -0.47 0.40
-0.77 -0.43 0.43
-0.78 -0.39 0.46
-0.79 -0.37 0.47
-0.79 -0.37 0.47
-0.81 -0.34 0.47
-0.83 -0.33 0.44
-0.85 -0.30 0.42
-0.90 -0.25 0.37
-0.92 -0.22 0.34
-0.93 -0.20 0.33
-0.93 -0.20 0.31
-0.94 -0.20 0.29
-0.93 -0.21 0.29
-0.93 -0.21 0.29
-0.93 -0.23 0.28
-0.91 -0.27 0.29
-0.90 -0.30 0.27
-0.91 -0.31 0.24
-0.92 -0.28 0.20
-0.93 -0.25 0.19
-0.94 -0.22 0.19
-0.94 -0.20 0.22
-0.94 -0.20 0.24
-0.94 -0.20 0.24
-0.94 -0.19 0.27
-0.93 -0.22 0.28
-0.92 -0.25 0.29
-0.90 -0.28 0.31
-0.88 -0.32 0.33
-0.86 -0.35 0.33
-0.85 -0.38 0.31
-0.85 -0.38 0.28
-0.86 -0.38 0.25
-0.86 -0.38 0.25
-0.88 -0.35 0.23
-0.91 -0.31 0.19
-0.92 -0.27 0.18
-0.93 -0.24 0.18
-0.94 -0.22 0.19
-0.93 -0.23 0.22
-0.92 -0.26 0.26
-0.90 -0.30 0.27
-0.89 -0.32 0.26
-0.89 -0.32 0.26
-0.89 -0.34 0.25
-0.88 -0.35 0.24
-0.88 -0.36 0.24
-0.88 -0.36 0.24
-0.88 -0.36 0.25
-0.88 -0.35 0.22
-0.88 -0.35 0.22
-0.88 -0.36 0.20
-0.88 -0.36 0.13
-0.88 -0.36 0.13
-0.89 -0.35 0.09
-0.89 -0.37 0.02
-0.89 -0.37 0.01
-0.89 -0.37 -0.01
-0.89 -0.35 0.00
-0.90 -0.33 0.05
-0.91 -0.33 0.12
-0.91 -0.32 0.18
-0.90 -0.33 0.25
-0.88 -0.33 0.31
-0.87 -0.34 0.34
-0.87 -0.34 0.34
-0.87 -0.35 0.31
-0.89 -0.33 0.23
-0.90 -0.32 0.16
-0.90 -0.34 0.09
-0.90 -0.35 0.05
-0.90 -0.35 0.03
-0.90 -0.34 -0.00
-0.90 -0.33 -0.04
-0.91 -0.30 -0.05
-0.92 -0.28 -0.04
-0.92 -0.27 -0.03
-0.93 -0.28 -0.00
-0.93 -0.28 0.03
-0.93 -0.29 0.06
-0.92 -0.30 0.08
-0.92 -0.30 0.10
-0.92 -0.30 0.10
-0.93 -0.30 0.11
-0.93 -0.30 0.11
-0.93 -0.29 0.10
-0.93 -0.28 0.09
-0.94 -0.26 0.08
-0.95 -0.24 0.07
-0.95 -0.23 0.08
-0.95 -0.21 0.09
-0.95 -0.22 0.13
-0.94 -0.23 0.17
-0.93 -0.25 0.21
-0.93 -0.25 0.21
-0.93 -0.25 0.25
-0.93 -0.24 0.26
-0.93 -0.24 0.25
-0.93 -0.25 0.23
-0.92 -0.30 0.15
-0.91 -0.34 0.07
-0.89 -0.37 0.01
-0.89 -0.37 -0.02
-0.89 -0.36 -0.05
-0.89 -0.34 -0.09
-0.90 -0.31 -0.12
-0.90 -0.28 -0.15
-0.91 -0.23 -0.18
-0.93 -0.19 -0.19
-0.93 -0.16 -0.19
-0.93 -0.16 -0.19
-0.93 -0.16 -0.20
-0.92 -0.15 -0.25
-0.91 -0.18 -0.29
-0.88 -0.22 -0.34
-0.84 -0.25 -0.39
-0.82 -0.29 -0.41
-0.81 -0.32 -0.40
-0.81 -0.34 -0.39
-0.82 -0.35 -0.35
-0.86 -0.36 -0.24
-0.90 -0.33 -0.12
-0.94 -0.28 0.01
-0.95 -0.26 0.08
-0.95 -0.26 0.08
-0.95 -0.24 0.14
-0.96 -0.24 0.16
-0.96 -0.23 0.18
-0.96 -0.22 0.20
-0.96 -0.20 0.21
-0.96 -0.19 0.21
-0.97 -0.17 0.20
-0.97 -0.15 0.17
-0.98 -0.13 0.14
-0.98 -0.13 0.14
-0.98 -0.12 0.09
-0.98 -0.11 0.06
-0.98 -0.10 -0.00
-0.97 -0.10 -0.05
-0.97 -0.13 -0.06
-0.95 -0.20 -0.07
-0.93 -0.27 -0.05
-0.93 -0.30 -0.03
-0.93 -0.30 0.04
-0.93 -0.30 0.06
-0.93 -0.32 0.07
-0.92 -0.33 0.09
-0.91 -0.34 0.12
-0.90 -0.35 0.16
-0.88 -0.38 0.20
-0.87 -0.40 0.19
-0.89 -0.39 0.10
-0.93 -0.32 0.03
-0.93 -0.32 0.03
-0.91 -0.30 -0.12
-0.91 -0.26 -0.20
-0.91 -0.21 -0.26
-0.90 -0.18 -0.30
-0.92 -0.11 -0.29
-0.93 -0.08 -0.28
-0.95 -0.07 -0.24
-0.97 -0.03 -0.20
-0.99 0.00 -0.13
-1.00 0.00 -0.07
-1.00 -0.02 -0.05
-1.00 -0.03 -0.05
-1.01 -0.02 -0.06
-1.00 -0.03 -0.07
-1.00 -0.03 -0.09
-0.99 -0.01 -0.13
-0.98 -0.01 -0.16
-0.98 0.01 -0.20
-0.96 0.00 -0.22
-0.92 -0.01 -0.30
-0.88 -0.01 -0.38
-0.87 -0.01 -0.40
-0.86 0.00 -0.42
-0.83 0.00 -0.47
-0.83 -0.01 -0.48
-0.82 -0.02 -0.49
-0.82 -0.02 -0.49
-0.81 -0.00 -0.52
-0.80 0.01 -0.53
-0.80 0.01 -0.53
-0.80 0.01 -0.54
-0.80 0.02 -0.53
-0.80 0.02 -0.53
-0.82 0.03 -0.50
-0.82 0.02 -0.47
-0.81 0.01 -0.47
-0.80 0.01 -0.48
-0.80 0.00 -0.47
-0.81 0.00 -0.45
-0.84 0.01 -0.42
-0.83 0.03 -0.44
-0.76 0.08 -0.52
-0.76 0.08 -0.52
-0.73 0.11 -0.54
-0.70 0.09 -0.57
-0.69 0.06 -0.59
-0.67 0.03 -0.60
-0.68 -0.00 -0.60
-0.66 -0.04 -0.61
-0.68 -0.10 -0.59
-0.69 -0.14 -0.56
-0.73 -0.10 -0.53
-0.72 -0.08 -0.53
-0.73 -0.09 -0.52
-0.72 -0.09 -0.53
-0.70 -0.13 -0.54
-0.69 -0.20 -0.54
-0.69 -0.32 -0.49
-0.65 -0.40 -0.49
-0.46 -0.55 -0.58
-0.39 -0.59 -0.61
-0.27 -0.68 -0.61
-0.17 -0.81 -0.53
-0.10 -0.81 -0.56
-0.02 -0.81 -0.60
-0.00 -0.81 -0.60
-0.02 -0.79 -0.62
-0.07 -0.79 -0.62
-0.08 -0.79 -0.60
-0.08 -0.80 -0.59
-0.02 -0.82 -0.58
0.00 -0.83 -0.57
0.08 -0.86 -0.54
0.17 -0.86 -0.53
0.26 -0.85 -0.52
0.36 -0.83 -0.54
0.45 -0.79 -0.56
0.51 -0.74 -0.57
0.51 -0.74 -0.57
0.56 -0.70 -0.59
0.59 -0.68 -0.59
0.60 -0.65 -0.61
0.67 -0.59 -0.62
0.70 -0.54 -0.64
0.69 -0.42 -0.73
0.75 -0.43 -0.67
0.84 -0.40 -0.58
0.86 -0.33 -0.60
0.86 -0.33 -0.60
0.80 -0.24 -0.72
0.74 -0.14 -0.80
0.66 -0.09 -0.86
0.78 0.06 -0.76
0.82 0.17 -0.69
0.80 0.23 -0.69
0.77 0.30 -0.69
0.74 0.41 -0.65
0.66 0.49 -0.66
0.66 0.49 -0.66
0.61 0.56 -0.65
0.51 0.62 -0.66
0.46 0.66 -0.64
0.43 0.66 -0.66
0.37 0.71 -0.63
0.26 0.74 -0.64
0.19 0.75 -0.64
0.13 0.74 -0.66
0.08 0.74 -0.66
0.08 0.74 -0.66
0.06 0.73 -0.67
0.02 0.74 -0.65
0.02 0.76 -0.63
-0.01 0.77 -0.62
-0.04 0.77 -0.61
-0.00 0.78 -0.61
-0.04 0.77 -0.61
-0.09 0.77 -0.60
-0.15 0.72 -0.64
-0.15 0.72 -0.64
-0.26 0.67 -0.65
-0.27 0.64 -0.67
-0.28 0.63 -0.67
-0.31 0.62 -0.67
-0.35 0.60 -0.66
-0.39 0.58 -0.65
-0.43 0.56 -0.64
-0.49 0.53 -0.62
-0.54 0.47 -0.62
-0.54 0.47 -0.62
-0.59 0.41 -0.61
-0.64 0.34 -0.59
-0.68 0.26 -0.57
-0.70 0.20 -0.57
-0.71 0.10 -0.57
-0.70 0.00 -0.58
-0.67 -0.11 -0.60
-0.64 -0.21 -0.61
-0.64 -0.24 -0.59
-0.62 -0.27 -0.60
-0.58 -0.26 -0.66
-0.56 -0.25 -0.68
-0.56 -0.27 -0.68
-0.56 -0.26 -0.68
-0.56 -0.28 -0.68
-0.58 -0.24 -0.67
-0.61 -0.14 -0.66
-0.63 -0.08 -0.66
-0.63 0.00 -0.66
-0.60 0.15 -0.69
-0.58 0.22 -0.68
-0.55 0.30 -0.69
-0.50 0.38 -0.69
-0.48 0.41 -0.69
-0.41 0.47 -0.70
-0.35 0.55 -0.69
-0.30 0.58 -0.69
-0.30 0.58 -0.69
-0.24 0.61 -0.69
-0.23 0.61 -0.70
-0.21 0.62 -0.69
-0.20 0.62 -0.70
-0.17 0.62 -0.71
-0.15 0.62 -0.72
-0.11 0.65 -0.69
-0.10 0.67 -0.68
-0.10 0.68 -0.67
-0.10 0.68 -0.67
-0.10 0.67 -0.69
-0.11 0.66 -0.69
-0.12 0.68 -0.67
-0.12 0.68 -0.68
-0.13 0.68 -0.66
-0.13 0.68 -0.66
-0.12 0.69 -0.66
-0.08 0.69 -0.67
-0.03 0.70 -0.66
-0.03 0.70 -0.66
0.06 0.69 -0.69
0.20 0.67 -0.69
0.28 0.67 -0.68
0.34 0.63 -0.70
0.35 0.63 -0.70
0.35 0.59 -0.74
0.40 0.58 -0.73
0.45 0.54 -0.74
0.50 0.51 -0.74
0.50 0.51 -0.74
0.50 0.49 -0.76
0.52 0.48 -0.76
0.52 0.46 -0.77
0.53 0.43 -0.79
0.54 0.33 -0.84
0.59 0.17 -0.88
0.60 0.02 -0.91
0.60 -0.16 -0.90
0.62 -0.33 -0.85
0.62 -0.33 -0.85
0.62 -0.37 -0.83
0.60 -0.38 -0.83
0.60 -0.43 -0.81
0.60 -0.49 -0.76
0.60 -0.56 -0.72
0.60 -0.59 -0.69
0.61 -0.60 -0.68
0.61 -0.60 -0.69
0.62 -0.57 -0.69
0.62 -0.57 -0.69
0.64 -0.57 -0.68
0.65 -0.57 -0.67
0.68 -0.56 -0.66
0.69 -0.57 -0.64
0.64 -0.62 -0.63
0.60 -0.66 -0.63
0.57 -0.74 -0.55
0.42 -0.89 -0.38
0.29 -0.90 -0.45
0.29 -0.90 -0.45
0.19 -0.91 -0.45
0.09 -0.91 -0.46
-0.04 -0.88 -0.50
-0.20 -0.84 -0.49
-0.33 -0.81 -0.45
-0.39 -0.78 -0.42
-0.43 -0.77 -0.41
-0.40 -0.77 -0.44
-0.44 -0.72 -0.45
-0.75 -0.34 -0.43
-0.81 -0.13 -0.45
-0.80 0.01 -0.49
-0.81 0.06 -0.48
-0.81 0.06 -0.48
-0.80 0.07 -0.49
-0.80 0.09 -0.49
-0.81 0.08 -0.48
-0.84 0.09 -0.41
-0.91 0.09 -0.28
-0.96 0.07 -0.14
-0.99 0.12 0.04
-0.98 0.19 0.19
-0.94 0.24 0.36
-0.94 0.24 0.36
-0.88 0.30 0.48
-0.82 0.31 0.58
-0.78 0.26 0.65
-0.71 0.16 0.74
-0.60 0.09 0.82
-0.54 0.06 0.85
-0.46 0.01 0.89
-0.45 -0.01 0.89
-0.37 0.01 0.92
-0.37 0.01 0.92
-0.16 0.03 0.95
0.07 0.04 0.93
0.34 0.07 0.84
0.54 0.09 0.72
0.71 0.09 0.57
0.79 0.09 0.48
0.87 0.07 0.36
0.96 0.07 0.18
1.01 0.08 -0.06
1.01 0.08 -0.06
1.01 0.08 -0.31
0.93 0.08 -0.55
0.79 0.09 -0.74
0.69 0.08 -0.83
0.60 0.06 -0.89
0.52 0.05 -0.93
0.37 0.05 -0.97
0.26 0.06 -0.99
0.18 0.06 -0.99
0.18 0.06 -0.99
0.10 0.05 -0.99
0.15 0.05 -1.00
0.24 0.06 -0.99
0.37 0.06 -0.98
0.54 0.03 -0.92
0.66 0.02 -0.86
0.78 -0.01 -0.76
0.89 -0.04 -0.62
0.99 -0.05 -0.39
0.99 -0.05 -0.39
1.02 -0.03 -0.10
0.95 -0.00 0.20
0.76 0.02 0.52
0.53 0.06 0.73
0.21 0.11 0.89
-0.09 0.14 0.94
-0.46 0.14 0.88
-0.67 0.14 0.77
-0.80 0.14 0.64
-0.80 0.14 0.64
-0.91 0.14 0.46
-0.97 0.14 0.30
-0.99 0.16 0.14
-0.98 0.17 -0.01
-0.94 0.18 -0.19
-0.85 0.18 -0.39
-0.79 0.16 -0.49
-0.72 0.18 -0.57
-0.63 0.17 -0.66
-0.63 0.17 -0.66
-0.57 0.16 -0.72
-0.45 0.10 -0.81
-0.17 0.08 -0.94
-0.02 0.05 -0.98
0.10 0.04 -0.99
0.37 -0.02 -0.97
0.45 -0.01 -0.94
0.57 -0.00 -0.90
0.64 -0.01 -0.86
0.64 -0.01 -0.86
0.74 -0.01 -0.78
0.83 -0.03 -0.70
0.90 -0.04 -0.61
0.95 -0.04 -0.50
0.99 -0.04 -0.38
1.01 -0.06 -0.30
1.02 -0.06 -0.19
1.02 -0.07 -0.12
1.02 -0.04 -0.03
1.02 -0.04 -0.03
0.99 -0.01 0.12
0.95 0.01 0.23
0.90 0.03 0.31
0.86 0.03 0.38
0.81 0.05 0.47
0.74 0.07 0.55
0.69 0.08 0.60
0.65 0.08 0.65
0.63 0.07 0.66
0.63 0.07 0.66
0.63 0.07 0.67
0.63 0.08 0.66
0.64 0.08 0.65
0.66 0.08 0.63
0.70 0.07 0.59
0.81 0.05 0.47
0.96 0.01 0.18
1.03 -0.02 -0.14
1.00 -0.04 -0.39
1.00 -0.04 -0.39
0.92 -0.07 -0.59
0.80 -0.10 -0.74
0.67 -0.12 -0.85
0.53 -0.14 -0.92
0.35 -0.14 -0.97
0.21 -0.11 -0.98
0.04 -0.06 -0.98
-0.08 0.08 -0.95
-0.11 0.14 -0.93
-0.11 0.14 -0.93
-0.15 0.13 -0.92
-0.17 0.14 -0.92
-0.18 0.15 -0.91
-0.20 0.14 -0.90
-0.22 0.13 -0.90
-0.26 0.14 -0.88
-0.27 0.15 -0.88
-0.32 0.06 -0.87
-0.50 -0.06 -0.76
-0.60 -0.13 -0.68
-0.64 -0.18 -0.63
-0.65 -0.17 -0.62
-0.64 -0.16 -0.63
-0.65 -0.14 -0.63
-0.67 -0.11 -0.62
-0.69 -0.08 -0.60
-0.70 -0.07 -0.60
-0.70 -0.08 -0.59
-0.70 -0.07 -0.59
-0.70 -0.05 -0.59
-0.70 -0.04 -0.60
-0.71 -0.03 -0.59
-0.71 -0.02 -0.59
-0.70 -0.01 -0.60
-0.70 0.01 -0.60
-0.70 0.03 -0.60
-0.70 0.04 -0.60
-0.71 0.06 -0.59
-0.71 0.08 -0.59
-0.72 0.10 -0.58
-0.72 0.12 -0.57
-0.72 0.13 -0.57
-0.72 0.13 -0.57
-0.72 0.13 -0.57
-0.72 0.15 -0.56
-0.73 0.17 -0.55
-0.73 0.18 -0.54
-0.74 0.22 -0.52
-0.74 0.26 -0.50
-0.75 0.33 -0.47
-0.75 0.40 -0.42
-0.73 0.48 -0.38
-0.72 0.55 -0.33
-0.72 0.55 -0.33
-0.72 0.61 -0.25
-0.73 0.65 -0.14
-0.75 0.67 -0.04
-0.76 0.68 0.05
-0.76 0.68 0.12
-0.75 0.68 0.20
-0.75 0.67 0.27
-0.74 0.66 0.33
-0.74 0.65 0.38
-0.74 0.65 0.38
-0.74 0.64 0.41
-0.74 0.64 0.40
-0.74 0.65 0.37
-0.74 0.68 0.29
-0.73 0.70 0.17
-0.75 0.69 0.03
-0.77 0.63 -0.09
-0.78 0.55 -0.23
-0.75 0.48 -0.35
-0.75 0.48 -0.35
-0.75 0.48 -0.35
-0.78 0.27 -0.45
-0.81 0.20 -0.44
-0.76 0.17 -0.52
-0.75 0.21 -0.52
-0.74 0.22 -0.53
-0.73 0.19 -0.55
-0.72 0.15 -0.57
-0.70 0.06 -0.60
-0.70 -0.11 -0.60
-0.63 -0.28 -0.62
-0.62 -0.43 -0.54
-0.64 -0.51 -0.45
-0.68 -0.53 -0.36
-0.72 -0.55 -0.26
-0.73 -0.57 -0.19
-0.73 -0.59 -0.13
-0.74 -0.59 -0.07
-0.75 -0.59 -0.02
-0.75 -0.59 0.03
-0.75 -0.60 0.04
-0.73 -0.62 0.03
-0.71 -0.63 0.03
-0.71 -0.64 0.03
-0.71 -0.65 0.04
-0.70 -0.65 0.04
-0.69 -0.66 0.05
-0.68 -0.67 0.06
-0.67 -0.68 0.07
-0.66 -0.69 0.10
-0.65 -0.69 0.10
-0.66 -0.69 0.09
-0.65 -0.69 0.08
-0.65 -0.69 0.09
-0.66 -0.68 0.10
-0.66 -0.68 0.10
-0.65 -0.69 0.12
-0.66 -0.68 0.14
-0.66 -0.68 0.17
-0.66 -0.68 0.17
-0.64 -0.69 0.18
-0.65 -0.68 0.18
-0.64 -0.69 0.18
-0.64 -0.69 0.17
-0.64 -0.69 0.18
-0.64 -0.69 0.18
-0.63 -0.70 0.17
-0.62 -0.71 0.21
-0.62 -0.69 0.24
-0.63 -0.67 0.27
-0.59 -0.70 0.30
-0.63 -0.65 0.32
-0.65 -0.65 0.31
-0.63 -0.65 0.34
-0.62 -0.66 0.33
-0.62 -0.66 0.33
-0.59 -0.68 0.33
-0.59 -0.69 0.31
-0.60 -0.67 0.33
-0.54 -0.66 0.44
-0.58 -0.62 0.47
-0.61 -0.54 0.53
-0.65 -0.47 0.57
-0.68 -0.39 0.60
-0.71 -0.30 0.63
-0.71 -0.30 0.63
-0.71 -0.24 0.68
-0.70 -0.17 0.72
-0.67 -0.11 0.76
-0.65 -0.05 0.79
-0.65 0.01 0.79
-0.65 0.06 0.80
-0.68 0.04 0.78
-0.71 0.03 0.76
-0.71 0.03 0.75
-0.71 0.03 0.75
-0.71 0.03 0.75
-0.70 0.04 0.76
-0.70 0.05 0.76
-0.71 -0.00 0.75
-0.75 -0.16 0.67
-0.78 -0.32 0.55
-0.78 -0.43 0.43
-0.79 -0.51 0.28
-0.78 -0.57 0.12
-0.78 -0.57 0.12
-0.75 -0.61 -0.01
-0.73 -0.61 -0.17
-0.70 -0.58 -0.29
-0.65 -0.62 -0.32
-0.60 -0.61 -0.41
-0.56 -0.59 -0.50
-0.54 -0.54 -0.56
-0.54 -0.50 -0.60
-0.55 -0.47 -0.61
-0.57 -0.41 -0.62
-0.58 -0.39 -0.62
-0.58 -0.34 -0.64
-0.58 -0.31 -0.66
-0.61 -0.17 -0.68
-0.62 -0.04 -0.69
-0.62 0.06 -0.69
-0.64 0.21 -0.64
-0.64 0.28 -0.62
-0.66 0.40 -0.54
-0.68 0.45 -0.48
-0.70 0.51 -0.42
-0.70 0.51 -0.42
-0.71 0.55 -0.34
-0.73 0.58 -0.27
-0.75 0.59 -0.21
-0.77 0.58 -0.17
-0.80 0.56 -0.12
-0.81 0.57 -0.06
-0.81 0.59 0.05
-0.83 0.56 0.13
-0.83 0.55 0.20
-0.83 0.55 0.20
-0.81 0.55 0.31
-0.75 0.57 0.42
-0.71 0.53 0.53
-0.67 0.48 0.61
-0.69 0.42 0.63
-0.71 0.41 0.62
-0.71 0.40 0.63
-0.71 0.37 0.65
-0.70 0.33 0.67
-0.70 0.33 0.67
-0.69 0.28 0.70
-0.69 0.23 0.70
-0.70 0.17 0.71
-0.71 0.11 0.71
-0.71 0.05 0.71
-0.71 0.02 0.70
-0.71 0.01 0.71
-0.71 0.02 0.71
-0.72 0.05 0.70
-0.72 0.05 0.70
-0.73 0.10 0.69
-0.74 0.18 0.67
-0.74 0.30 0.63
-0.72 0.42 0.59
-0.70 0.55 0.52
-0.68 0.67 0.38
-0.66 0.74 0.22
-0.66 0.76 0.09
-0.62 0.79 -0.01
-0.62 0.79 -0.01
-0.56 0.80 -0.15
-0.52 0.80 -0.24
-0.48 0.79 -0.32
-0.47 0.75 -0.40
-0.43 0.72 -0.47
-0.40 0.68 -0.55
-0.39 0.59 -0.65
-0.38 0.45 -0.75
-0.39 0.30 -0.81
-0.39 0.30 -0.81
-0.42 0.17 -0.83
-0.44 0.09 -0.83
-0.48 0.06 -0.81
-0.52 0.04 -0.78
-0.54 0.01 -0.77
-0.57 0.02 -0.74
-0.57 0.02 -0.74
-0.57 0.03 -0.74
-0.56 0.03 -0.74
-0.56 0.03 -0.74
-0.56 0.03 -0.74
-0.56 0.03 -0.74
-0.56 0.03 -0.75
-0.56 0.02 -0.75
-0.55 0.00 -0.75
-0.55 -0.01 -0.75
-0.55 -0.01 -0.76
-0.55 -0.02 -0.75
-0.56 -0.03 -0.75
-0.56 -0.03 -0.75
-0.56 -0.05 -0.75
-0.57 -0.06 -0.74
-0.59 -0.07 -0.72
-0.61 -0.07 -0.69
-0.62 -0.16 -0.67
-0.61 -0.28 -0.65
-0.55 -0.35 -0.68
-0.54 -0.36 -0.67
-0.53 -0.38 -0.68
-0.53 -0.46 -0.64
-0.53 -0.53 -0.59
-0.53 -0.60 -0.53
-0.52 -0.64 -0.48
-0.45 -0.71 -0.46
-0.40 -0.79 -0.39
-0.36 -0.85 -0.31
-0.33 -0.89 -0.24
-0.31 -0.91 -0.18
-0.31 -0.91 -0.14
-0.32 -0.92 -0.11
-0.34 -0.91 -0.04
-0.35 -0.90 0.03
-0.35 -0.90 0.07
-0.35 -0.89 0.09
-0.36 -0.88 0.14
-0.35 -0.88 0.15
-0.33 -0.89 0.16
-0.36 -0.88 0.16
-0.39 -0.85 0.21
-0.39 -0.85 0.21
-0.39 -0.82 0.30
-0.37 -0.80 0.36
-0.35 -0.78 0.42
-0.39 -0.72 0.51
-0.43 -0.67 0.55
-0.44 -0.64 0.60
-0.45 -0.61 0.65
-0.43 -0.61 0.66
-0.42 -0.67 0.58
-0.42 -0.67 0.58
-0.36 -0.77 0.45
-0.29 -0.84 0.35
-0.28 -0.86 0.28
-0.32 -0.89 0.12
-0.39 -0.87 0.03
-0.38 -0.87 -0.09
-0.39 -0.85 -0.20
-0.42 -0.81 -0.30
-0.45 -0.76 -0.35
-0.46 -0.73 -0.41
-0.46 -0.70 -0.45
-0.46 -0.66 -0.51
-0.43 -0.58 -0.62
-0.40 -0.46 -0.74
-0.39 -0.30 -0.81
-0.45 -0.14 -0.82
-0.53 0.06 -0.76
-0.57 0.25 -0.71
-0.57 0.41 -0.65
-0.56 0.54 -0.58
-0.54 0.61 -0.53
-0.54 0.64 -0.51
-0.53 0.67 -0.49
-0.52 0.72 -0.45
-0.50 0.77 -0.41
-0.50 0.77 -0.41
-0.48 0.81 -0.37
-0.46 0.84 -0.34
-0.44 0.86 -0.32
-0.44 0.87 -0.30
-0.44 0.87 -0.32
-0.44 0.83 -0.37
-0.45 0.75 -0.48
-0.42 0.63 -0.63
-0.40 0.45 -0.77
-0.40 0.45 -0.77
-0.37 0.18 -0.88
-0.38 -0.05 -0.89
-0.38 -0.24 -0.85
-0.36 -0.37 -0.82
-0.39 -0.51 -0.73
-0.40 -0.61 -0.64
-0.27 -0.62 -0.72
-0.27 -0.64 -0.69
-0.29 -0.66 -0.66
-0.25 -0.73 -0.62
-0.16 -0.76 -0.63
-0.00 -0.71 -0.74
0.07 -0.71 -0.75
0.10 -0.74 -0.73
0.15 -0.77 -0.69
0.17 -0.79 -0.66
0.17 -0.79 -0.66
0.20 -0.80 -0.65
0.25 -0.79 -0.66
0.30 -0.75 -0.69
0.35 -0.73 -0.71
0.36 -0.73 -0.70
0.42 -0.72 -0.69
0.45 -0.74 -0.64
0.46 -0.82 -0.52
0.46 -0.88 -0.34
0.46 -0.88 -0.34
0.51 -0.87 -0.09
0.55 -0.81 0.12
0.58 -0.70 0.28
0.60 -0.60 0.40
0.60 -0.49 0.49
0.60 -0.42 0.53
0.60 -0.45 0.51
0.60 -0.52 0.46
0.60 -0.64 0.34
0.60 -0.64 0.34
0.59 -0.75 0.19
0.58 -0.82 0.01
0.58 -0.84 -0.15
0.58 -0.82 -0.32
0.53 -0.76 -0.56
0.53 -0.68 -0.67
0.51 -0.60 -0.76
0.51 -0.53 -0.82
0.51 -0.47 -0.85
0.51 -0.47 -0.85
0.53 -0.44 -0.85
0.55 -0.41 -0.86
0.59 -0.40 -0.84
0.67 -0.37 -0.80
0.69 -0.33 -0.80
0.70 -0.29 -0.81
0.71 -0.24 -0.81
0.70 -0.09 -0.84
0.70 0.05 -0.83
0.70 0.05 -0.83
0.73 0.20 -0.76
0.71 0.34 -0.71
0.73 0.33 -0.70
0.74 0.38 -0.66
0.73 0.50 -0.55
0.71 0.58 -0.46
0.71 0.58 -0.47
0.71 0.56 -0.49
0.71 0.54 -0.52
0.71 0.54 -0.52
0.72 0.50 -0.56
0.72 0.45 -0.62
0.71 0.36 -0.69
0.70 0.22 -0.77
0.68 0.04 -0.82
0.64 -0.23 -0.84
0.56 -0.53 -0.76
0.42 -0.79 -0.57
0.26 -0.86 -0.52
0.26 -0.86 -0.52
0.11 -0.84 -0.58
-0.01 -0.79 -0.63
-0.07 -0.80 -0.61
-0.06 -0.79 -0.63
-0.04 -0.79 -0.63
-0.02 -0.87 -0.52
-0.02 -0.92 -0.41
-0.09 -0.97 0.06
-0.09 -0.97 0.06
-0.14 -0.88 0.34
-0.14 -0.75 0.56
-0.16 -0.61 0.69
-0.12 -0.51 0.77
-0.10 -0.41 0.83
-0.05 -0.39 0.84
-0.05 -0.43 0.82
-0.07 -0.53 0.76
-0.09 -0.70 0.62
-0.09 -0.70 0.62
-0.13 -0.84 0.41
-0.20 -0.91 0.21
-0.24 -0.93 0.06
-0.25 -0.93 -0.03
-0.25 -0.92 -0.18
-0.24 -0.90 -0.28
-0.22 -0.88 -0.39
-0.13 -0.82 -0.55
-0.06 -0.73 -0.69
-0.02 -0.62 -0.80
0.00 -0.49 -0.88
0.01 -0.39 -0.93
0.01 -0.27 -0.97
-0.05 -0.08 -0.97
-0.11 0.12 -0.95
-0.08 0.19 -0.95
-0.08 0.25 -0.93
-0.09 0.33 -0.91
-0.10 0.39 -0.88
-0.11 0.44 -0.86
-0.12 0.47 -0.84
-0.12 0.47 -0.84
-0.09 0.38 -0.89
-0.03 0.21 -0.96
0.07 -0.06 -1.00
0.22 -0.38 -0.94
0.29 -0.62 -0.80
0.25 -0.75 -0.68
0.25 -0.85 -0.55
0.27 -0.91 -0.44
0.28 -0.91 -0.43
0.28 -0.91 -0.43
0.27 -0.91 -0.42
0.28 -0.89 -0.47
0.28 -0.84 -0.56
0.33 -0.80 -0.60
0.43 -0.78 -0.58
0.55 -0.75 -0.53
0.67 -0.66 -0.53
0.71 -0.51 -0.66
0.71 -0.45 -0.69
0.71 -0.45 -0.69
0.68 -0.42 -0.75
0.65 -0.36 -0.79
0.68 -0.31 -0.79
0.72 -0.27 -0.77
0.72 -0.15 -0.80
0.72 -0.12 -0.80
0.72 -0.06 -0.80
0.75 0.09 -0.76
0.74 0.30 -0.69
0.74 0.30 -0.69
0.73 0.44 -0.61
0.73 0.55 -0.49
0.72 0.64 -0.34
0.73 0.66 -0.24
0.74 0.66 -0.15
0.73 0.67 -0.07
0.69 0.70 0.05
0.61 0.74 0.18
0.55 0.74 0.30
0.55 0.74 0.30
0.52 0.71 0.38
0.51 0.71 0.39
0.51 0.74 0.34
0.51 0.79 0.25
0.48 0.86 0.04
0.42 0.86 -0.31
0.43 0.79 -0.46
0.44 0.74 -0.54
0.44 0.72 -0.57
0.44 0.72 -0.57
0.49 0.65 -0.62
0.55 0.59 -0.65
0.57 0.55 -0.67
0.58 0.53 -0.68
0.54 0.49 -0.74
0.53 0.48 -0.76
0.54 0.48 -0.75
0.54 0.34 -0.84
0.53 0.09 -0.92
0.53 0.09 -0.92
0.51 -0.07 -0.93
0.51 -0.16 -0.93
0.55 -0.29 -0.89
0.56 -0.45 -0.83
0.55 -0.58 -0.73
0.55 -0.67 -0.66
0.52 -0.75 -0.57
0.46 -0.83 -0.47
0.42 -0.86 -0.44
0.42 -0.86 -0.44
0.42 -0.86 -0.43
0.42 -0.86 -0.42
0.42 -0.86 -0.43
0.45 -0.80 -0.54
0.48 -0.64 -0.73
0.52 -0.40 -0.87
0.56 -0.10 -0.92
0.53 0.24 -0.89
0.56 0.47 -0.75
0.56 0.47 -0.75
0.52 0.65 -0.60
0.46 0.79 -0.43
0.40 0.84 -0.37
0.36 0.86 -0.38
0.34 0.87 -0.40
0.31 0.86 -0.43
0.29 0.84 -0.48
0.20 0.83 -0.53
0.11 0.81 -0.58
0.11 0.81 -0.58
0.00 0.79 -0.61
-0.08 0.80 -0.59
-0.09 0.83 -0.54
-0.11 0.85 -0.50
-0.09 0.83 -0.54
-0.04 0.80 -0.59
0.04 0.73 -0.68
0.02 0.70 -0.70
0.01 0.70 -0.71
0.01 0.70 -0.71
0.01 0.66 -0.75
0.03 0.53 -0.84
0.01 0.28 -0.95
-0.03 -0.03 -0.99
-0.00 -0.33 -0.95
0.04 -0.57 -0.83
0.07 -0.74 -0.70
0.11 -0.83 -0.57
0.16 -0.89 -0.47
0.18 -0.90 -0.44
0.19 -0.91 -0.43
0.19 -0.91 -0.43
0.19 -0.91 -0.43
0.19 -0.90 -0.45
0.20 -0.87 -0.51
0.23 -0.78 -0.65
0.27 -0.60 -0.82
0.29 -0.33 -0.96
0.26 -0.03 -1.01
0.17 0.28 -0.97
0.10 0.54 -0.84
0.12 0.73 -0.68
0.12 0.73 -0.68
0.12 0.88 -0.47
0.11 0.97 -0.24
0.11 1.00 -0.05
0.10 1.00 0.11
0.10 0.97 0.25
0.09 0.93 0.37
0.09 0.87 0.49
0.09 0.79 0.60
0.09 0.73 0.65
0.09 0.73 0.65
0.09 0.71 0.68
0.10 0.69 0.69
0.10 0.70 0.68
0.10 0.72 0.66
0.06 0.82 0.57
0.01 0.93 0.39
-0.02 1.00 0.16
-0.04 1.01 -0.08
0.00 0.95 -0.33
0.00 0.95 -0.33
0.05 0.87 -0.48
0.11 0.81 -0.58
0.13 0.79 -0.61
0.13 0.81 -0.59
0.12 0.82 -0.58
0.09 0.84 -0.55
0.03 0.85 -0.52
-0.03 0.87 -0.50
-0.13 0.88 -0.46
-0.13 0.88 -0.46
-0.19 0.88 -0.44
-0.18 0.85 -0.50
-0.20 0.81 -0.54
-0.27 0.78 -0.55
-0.34 0.76 -0.54
-0.36 0.74 -0.55
-0.40 0.72 -0.54
-0.47 0.69 -0.52
-0.51 0.67 -0.51
-0.51 0.64 -0.48
-0.57 0.64 -0.48
-0.56 0.62 -0.51
-0.56 0.62 -0.51
-0.56 0.62 -0.51
-0.53 0.62 -0.55
-0.48 0.60 -0.60
-0.41 0.55 -0.69
-0.35 0.48 -0.76
-0.29 0.41 -0.83
-0.15 0.35 -0.91
-0.15 0.35 -0.91
0.05 0.30 -0.96
0.22 0.28 -0.96
0.48 0.21 -0.92
0.70 0.15 -0.79
0.83 0.14 -0.67
0.88 0.14 -0.60
0.90 0.14 -0.56
0.91 0.13 -0.56
0.90 0.14 -0.57
0.90 0.14 -0.57
0.87 0.15 -0.62
0.77 0.18 -0.74
0.50 0.21 -0.91
0.09 0.28 -0.96
-0.23 0.31 -0.89
-0.49 0.32 -0.74
-0.69 0.30 -0.57
-0.81 0.29 -0.42
-0.89 0.31 -0.27
-0.89 0.31 -0.27
-0.93 0.32 -0.14
-0.95 0.32 -0.05
-0.97 0.30 0.11
-0.96 0.26 0.33
-0.91 0.22 0.50
-0.85 0.20 0.60
-0.79 0.19 0.68
-0.75 0.19 0.72
-0.78 0.20 0.69
-0.78 0.20 0.69
-0.85 0.21 0.59
-0.95 0.23 0.36
-0.98 0.22 0.01
-0.91 0.17 -0.28
-0.86 0.13 -0.39
-0.83 0.13 -0.44
-0.83 0.14 -0.44
-0.82 0.14 -0.45
-0.81 0.17 -0.46
-0.81 0.17 -0.46
-0.78 0.24 -0.48
-0.71 0.35 -0.53
-0.59 0.51 -0.57
-0.45 0.65 -0.56
-0.33 0.71 -0.59
-0.16 0.72 -0.65
-0.08 0.72 -0.66
-0.03 0.76 -0.63
0.02 0.79 -0.59
0.02 0.79 -0.59
0.17 0.80 -0.57
0.40 0.80 -0.46
0.53 0.80 -0.29
0.55 0.82 -0.09
0.57 0.79 0.06
0.60 0.77 0.10
0.60 0.76 0.11
0.61 0.76 0.09
0.65 0.73 0.07
0.65 0.73 0.07
0.68 0.70 0.02
0.69 0.70 -0.09
0.67 0.71 -0.24
0.58 0.75 -0.35
0.55 0.74 -0.42
0.47 0.75 -0.50
0.37 0.79 -0.50
0.38 0.82 -0.44
0.41 0.88 -0.24
0.41 0.88 -0.24
0.41 0.87 -0.31
0.41 0.83 -0.40
0.41 0.82 -0.42
0.41 0.81 -0.43
0.41 0.82 -0.44
0.42 0.80 -0.46
0.42 0.80 -0.47
0.41 0.80 -0.47
0.40 0.83 -0.42
0.40 0.83 -0.42
0.40 0.85 -0.37
0.40 0.87 -0.31
0.39 0.88 -0.28
0.40 0.89 -0.24
0.40 0.89 -0.22
0.42 0.87 -0.30
0.41 0.83 -0.40
0.37 0.83 -0.44
0.22 0.78 -0.61
0.22 0.78 -0.61
0.19 0.72 -0.67
0.26 0.71 -0.67
0.33 0.67 -0.69
0.38 0.57 -0.77
0.41 0.45 -0.83
0.49 0.36 -0.85
0.50 0.29 -0.88
0.48 0.28 -0.89
0.42 0.34 -0.89
0.42 0.34 -0.89
0.37 0.38 -0.89
0.30 0.38 -0.91
0.02 0.36 -0.93
-0.22 0.28 -0.90
-0.38 0.21 -0.84
-0.74 0.15 -0.57
-0.93 0.11 -0.26
-0.92 0.10 -0.30
-0.91 0.09 -0.32
-0.91 0.09 -0.32
-0.91 0.09 -0.32
-0.89 0.09 -0.37
-0.85 0.08 -0.42
-0.77 0.08 -0.55
-0.63 0.08 -0.69
-0.49 0.08 -0.80
-0.32 0.08 -0.90
-0.20 0.07 -0.94
-0.12 0.06 -0.97
-0.12 0.06 -0.97
-0.05 0.06 -0.98
0.06 0.06 -1.00
0.16 0.05 -1.00
0.31 0.03 -0.99
0.47 0.01 -0.95
0.60 0.01 -0.89
0.71 -0.00 -0.82
0.85 0.00 -0.68
0.98 0.02 -0.43
0.98 0.02 -0.43
1.01 0.05 -0.09
0.95 0.03 0.20
0.83 -0.02 0.41
0.71 -0.06 0.56
0.54 -0.11 0.69
0.43 -0.18 0.75
0.39 -0.25 0.75
0.35 -0.33 0.75
0.28 -0.41 0.74
0.28 -0.41 0.74
0.27 -0.45 0.73
0.28 -0.49 0.70
0.25 -0.53 0.68
0.20 -0.55 0.69
0.11 -0.56 0.70
0.06 -0.56 0.71
0.04 -0.56 0.71
0.09 -0.55 0.71
0.18 -0.53 0.70
0.18 -0.53 0.70
0.37 -0.48 0.66
0.44 -0.46 0.63
0.54 -0.45 0.58
0.60 -0.44 0.53
0.70 -0.43 0.43
0.83 -0.41 0.25
0.93 -0.41 -0.07
0.85 -0.43 -0.51
0.67 -0.47 -0.71
0.67 -0.47 -0.71
0.58 -0.49 -0.77
0.34 -0.52 -0.86
0.08 -0.51 -0.87
-0.24 -0.49 -0.79
-0.50 -0.48 -0.62
-0.64 -0.50 -0.46
-0.74 -0.48 -0.32
-0.80 -0.45 -0.22
-0.82 -0.43 -0.20
-0.82 -0.44 -0.20
-0.81 -0.44 -0.22
-0.79 -0.44 -0.27
-0.74 -0.44 -0.37
-0.34 -0.47 -0.77
-0.11 -0.48 -0.86
-0.02 -0.53 -0.86
0.22 -0.60 -0.82
0.46 -0.64 -0.72
0.46 -0.70 -0.72
0.52 -0.70 -0.63
0.51 -0.76 -0.56
0.55 -0.80 -0.43
0.56 -0.81 -0.41
0.53 -0.83 -0.40
0.54 -0.83 -0.37
0.55 -0.84 -0.35
0.52 -0.84 -0.38
0.52 -0.84 -0.40
0.52 -0.84 -0.42
0.50 -0.84 -0.42
0.51 -0.82 -0.45
0.53 -0.78 -0.50
0.57 -0.77 -0.46
0.59 -0.78 -0.42
0.58 -0.80 -0.40
0.59 -0.80 -0.38
0.62 -0.80 -0.31
0.65 -0.79 -0.21
0.66 -0.77 -0.07
0.66 -0.77 -0.07
0.67 -0.74 0.06
0.69 -0.71 0.08
0.72 -0.67 0.10
0.80 -0.62 0.02
0.90 -0.51 -0.18
0.93 -0.35 -0.41
0.87 -0.21 -0.62
0.78 -0.09 -0.75
0.70 0.02 -0.82
0.70 0.02 -0.82
0.60 0.09 -0.87
0.52 0.11 -0.91
0.47 0.11 -0.93
0.39 0.10 -0.96
0.34 0.10 -0.97
0.31 0.11 -0.97
0.28 0.11 -0.97
0.25 0.11 -0.97
0.24 0.12 -0.98
0.24 0.12 -0.98
0.14 0.12 -0.98
-0.02 0.11 -0.97
-0.17 0.07 -0.94
-0.24 0.01 -0.92
-0.35 -0.06 -0.87
-0.41 -0.11 -0.83
-0.42 -0.15 -0.82
-0.27 -0.19 -0.89
0.01 -0.24 -0.96
0.31 -0.32 -0.93
0.65 -0.41 -0.76
0.66 -0.44 -0.74
0.69 -0.54 -0.65
0.68 -0.60 -0.60
0.64 -0.67 -0.56
0.64 -0.67 -0.56
0.55 -0.71 -0.61
0.47 -0.73 -0.66
0.44 -0.70 -0.70
0.42 -0.73 -0.68
0.42 -0.77 -0.63
0.42 -0.82 -0.55
0.44 -0.87 -0.44
0.49 -0.89 -0.32
0.58 -0.87 -0.06
0.58 -0.87 -0.06
0.60 -0.86 -0.07
0.58 -0.86 -0.03
0.48 -0.92 -0.10
0.47 -0.93 -0.11
0.47 -0.93 -0.11
0.46 -0.93 -0.13
0.42 -0.95 -0.22
0.42 -0.94 -0.26
0.42 -0.95 -0.26
0.42 -0.95 -0.26
0.43 -0.94 -0.26
0.42 -0.94 -0.26
0.43 -0.94 -0.26
0.43 -0.94 -0.27
0.43 -0.94 -0.27
0.43 -0.94 -0.27
0.43 -0.94 -0.27
0.43 -0.94 -0.27
0.43 -0.94 -0.27
0.43 -0.94 -0.27
0.43 -0.94 -0.27
0.43 -0.94 -0.27
0.43 -0.94 -0.28
0.43 -0.94 -0.28
0.43 -0.94 -0.28
0.43 -0.94 -0.28
0.43 -0.94 -0.28
0.43 -0.94 -0.28
0.43 -0.94 -0.28
0.43 -0.94 -0.28
0.43 -0.94 -0.28
