0.97 0.24 -0.77
0.97 0.25 -0.77
0.97 0.25 -0.77
0.97 0.25 -0.77
0.97 0.24 -0.77
0.97 0.24 -0.78
0.97 0.24 -0.78
0.97 0.24 -0.78
0.97 0.24 -0.78
0.97 0.24 -0.77
0.97 0.24 -0.77
0.97 0.24 -0.77
0.97 0.24 -0.77
0.97 0.24 -0.78
0.97 0.24 -0.78
0.97 0.25 -0.78
0.97 0.24 -0.77
0.97 0.24 -0.77
0.97 0.24 -0.77
0.97 0.25 -0.77
0.97 0.24 -0.78
0.97 0.25 -0.77
0.97 0.25 -0.77
0.97 0.24 -0.77
0.97 0.24 -0.77
0.97 0.24 -0.77
0.97 0.24 -0.77
0.97 0.24 -0.77
0.97 0.24 -0.77
0.97 0.24 -0.78
0.97 0.24 -0.78
0.97 0.24 -0.77
0.97 0.24 -0.78
0.97 0.24 -0.77
0.97 0.24 -0.77
0.97 0.25 -0.77
0.97 0.24 -0.77
0.97 0.24 -0.77
0.97 0.24 -0.77
0.97 0.24 -0.77
0.97 0.24 -0.77
0.97 0.24 -0.78
0.97 0.24 -0.78
0.97 0.25 -0.77
0.97 0.24 -0.77
0.97 0.24 -0.77
0.97 0.24 -0.77
0.97 0.24 -0.77
0.97 0.24 -0.77
0.97 0.24 -0.77
0.97 0.24 -0.77
0.97 0.24 -0.77
0.97 0.24 -0.77
0.97 0.24 -0.77
0.97 0.24 -0.77
0.97 0.25 -0.77
0.97 0.25 -0.77
0.97 0.24 -0.77
0.97 0.24 -0.77
0.97 0.25 -0.77
0.97 0.24 -0.77
0.97 0.24 -0.77
0.97 0.24 -0.77
0.97 0.24 -0.77
0.97 0.24 -0.77
0.97 0.24 -0.78
0.97 0.24 -0.78
0.97 0.24 -0.77
0.97 0.24 -0.77
0.97 0.24 -0.78
0.97 0.24 -0.78
0.97 0.24 -0.77
0.97 0.24 -0.77
0.97 0.24 -0.78
0.97 0.24 -0.78
0.97 0.25 -0.77
0.97 0.24 -0.77
0.97 0.24 -0.77
0.97 0.24 -0.77
0.97 0.24 -0.77
0.97 0.24 -0.77
0.97 0.24 -0.77
0.97 0.24 -0.77
0.97 0.25 -0.77
0.97 0.24 -0.77
0.97 0.24 -0.77
0.97 0.24 -0.77
0.97 0.25 -0.77
0.97 0.24 -0.77
0.97 0.24 -0.77
0.97 0.24 -0.77
0.97 0.25 -0.77
0.97 0.24 -0.77
0.97 0.24 -0.77
0.97 0.24 -0.77
0.97 0.25 -0.77
0.97 0.24 -0.77
0.97 0.24 -0.77
0.97 0.24 -0.77
0.97 0.25 -0.77
0.97 0.24 -0.78
0.97 0.25 -0.77
0.97 0.25 -0.77
0.97 0.24 -0.78
0.97 0.24 -0.77
0.97 0.24 -0.77
0.97 0.24 -0.77
0.97 0.24 -0.77
0.97 0.24 -0.77
0.97 0.24 -0.77
0.97 0.24 -0.77
0.97 0.24 -0.77
0.97 0.24 -0.77
0.97 0.24 -0.77
0.97 0.24 -0.77
0.97 0.25 -0.77
0.97 0.24 -0.77
0.97 0.25 -0.77
0.97 0.25 -0.77
0.97 0.24 -0.77
0.98 0.25 -0.76
0.97 0.26 -0.77
0.97 0.26 -0.77
0.98 0.25 -0.77
0.97 0.25 -0.77
0.96 0.25 -0.78
0.96 0.25 -0.78
0.92 0.30 -0.81
0.83 0.38 -0.85
0.51 0.58 -0.82
0.51 0.58 -0.82
0.31 0.70 -0.68
0.12 0.74 -0.60
-0.06 0.77 -0.48
-0.06 0.77 -0.48
-0.20 0.79 -0.38
-0.35 0.81 -0.25
-0.49 0.80 -0.08
-0.49 0.80 -0.08
-0.58 0.78 0.10
-0.64 0.72 0.28
-0.67 0.64 0.44
-0.67 0.64 0.44
-0.68 0.56 0.57
-0.66 0.49 0.65
-0.65 0.41 0.72
-0.65 0.41 0.72
-0.67 0.34 0.75
-0.69 0.25 0.76
-0.71 0.18 0.76
-0.71 0.18 0.76
-0.71 0.13 0.77
-0.71 0.07 0.77
-0.72 0.01 0.77
-0.72 0.01 0.77
-0.73 -0.04 0.75
-0.75 -0.10 0.72
-0.81 -0.16 0.64
-0.81 -0.16 0.64
-0.87 -0.19 0.52
-0.90 -0.27 0.39
-0.94 -0.29 0.18
-0.94 -0.29 0.18
-0.92 -0.35 0.04
-0.88 -0.42 -0.03
-0.83 -0.47 -0.09
-0.78 -0.54 -0.13
-0.72 -0.61 -0.16
-0.72 -0.61 -0.16
-0.65 -0.66 -0.18
-0.59 -0.71 -0.22
-0.51 -0.75 -0.28
-0.43 -0.75 -0.39
-0.33 -0.77 -0.46
-0.24 -0.80 -0.49
-0.15 -0.82 -0.50
-0.01 -0.81 -0.58
0.05 -0.83 -0.55
0.05 -0.83 -0.55
0.10 -0.85 -0.51
0.18 -0.86 -0.49
0.18 -0.89 -0.44
0.18 -0.89 -0.44
0.18 -0.91 -0.39
0.20 -0.92 -0.36
0.22 -0.91 -0.36
0.22 -0.91 -0.36
0.24 -0.92 -0.32
0.27 -0.92 -0.32
0.31 -0.91 -0.35
0.31 -0.91 -0.35
0.36 -0.87 -0.41
0.45 -0.81 -0.49
0.48 -0.75 -0.58
0.48 -0.75 -0.58
0.57 -0.66 -0.63
0.64 -0.59 -0.65
0.70 -0.50 -0.67
0.70 -0.50 -0.67
0.76 -0.41 -0.68
0.82 -0.32 -0.67
0.86 -0.24 -0.65
0.86 -0.24 -0.65
0.91 -0.14 -0.61
0.95 -0.07 -0.55
0.98 -0.02 -0.48
0.98 -0.02 -0.48
1.01 0.02 -0.41
1.02 0.06 -0.32
1.03 0.08 -0.27
1.03 0.08 -0.27
1.04 0.10 -0.25
1.02 0.18 -0.26
1.00 0.21 -0.27
1.00 0.21 -0.27
0.99 0.25 -0.26
0.96 0.34 -0.22
0.90 0.45 -0.19
0.90 0.45 -0.19
0.81 0.58 -0.13
0.67 0.71 -0.06
0.50 0.82 0.01
0.50 0.82 0.01
0.30 0.90 0.10
0.10 0.94 0.17
-0.05 0.95 0.20
-0.05 0.95 0.20
-0.20 0.95 0.19
-0.35 0.92 0.20
-0.44 0.89 0.19
-0.44 0.89 0.19
-0.50 0.86 0.23
-0.53 0.83 0.28
-0.52 0.82 0.32
-0.52 0.82 0.32
-0.45 0.85 0.34
-0.32 0.89 0.33
-0.16 0.93 0.27
-0.16 0.93 0.27
0.07 0.95 0.16
0.33 0.89 0.05
0.56 0.79 -0.08
0.56 0.79 -0.08
0.75 0.64 -0.18
0.86 0.49 -0.26
0.92 0.39 -0.31
0.92 0.39 -0.31
0.96 0.30 -0.34
0.95 0.28 -0.38
0.96 0.26 -0.41
0.96 0.26 -0.41
0.95 0.26 -0.41
0.95 0.24 -0.43
0.96 0.20 -0.44
0.96 0.20 -0.44
0.99 0.12 -0.44
0.98 0.08 -0.48
0.94 0.04 -0.57
0.94 0.04 -0.57
0.91 -0.08 -0.64
0.85 -0.23 -0.70
0.73 -0.38 -0.76
0.73 -0.38 -0.76
0.61 -0.51 -0.77
0.51 -0.60 -0.75
0.41 -0.64 -0.76
0.41 -0.64 -0.76
0.34 -0.66 -0.76
0.29 -0.64 -0.78
0.25 -0.62 -0.81
0.25 -0.62 -0.81
0.23 -0.57 -0.85
0.17 -0.45 -0.90
0.11 -0.35 -0.95
0.11 -0.35 -0.95
0.10 -0.25 -0.97
0.11 -0.18 -0.98
0.11 -0.14 -0.99
0.11 -0.14 -0.99
0.15 -0.06 -0.99
0.18 -0.03 -0.99
0.20 -0.02 -0.99
0.20 -0.02 -0.99
0.23 -0.03 -0.99
0.28 -0.01 -0.99
0.33 0.01 -0.98
0.33 0.01 -0.98
0.35 -0.00 -0.98
0.38 0.02 -0.97
0.37 -0.00 -0.98
0.37 -0.00 -0.98
0.37 0.02 -0.98
0.34 0.18 -0.95
0.31 0.29 -0.92
0.31 0.29 -0.92
0.32 0.36 -0.88
0.34 0.48 -0.81
0.39 0.59 -0.70
0.39 0.59 -0.70
0.46 0.65 -0.60
0.56 0.71 -0.41
0.60 0.75 -0.16
0.60 0.75 -0.16
0.62 0.73 0.06
0.54 0.74 0.26
0.40 0.74 0.44
0.40 0.74 0.44
0.35 0.70 0.54
0.34 0.76 0.45
0.33 0.77 0.45
0.33 0.77 0.45
0.35 0.79 0.39
0.38 0.79 0.35
0.37 0.82 0.31
0.37 0.82 0.31
0.37 0.83 0.29
0.38 0.85 0.20
0.49 0.81 0.09
0.49 0.81 0.09
0.57 0.78 -0.02
0.53 0.79 -0.19
0.40 0.84 -0.27
0.40 0.84 -0.27
0.35 0.85 -0.27
0.35 0.84 -0.30
0.36 0.83 -0.35
0.36 0.83 -0.35
0.31 0.83 -0.39
0.18 0.84 -0.42
0.06 0.86 -0.41
0.06 0.86 -0.41
0.07 0.89 -0.33
0.05 0.90 -0.30
0.02 0.92 -0.24
0.02 0.92 -0.24
-0.02 0.94 -0.16
-0.07 0.95 -0.09
-0.04 0.96 0.00
-0.04 0.96 0.00
-0.02 0.96 0.09
-0.03 0.95 0.17
-0.06 0.95 0.20
-0.06 0.95 0.20
-0.05 0.95 0.20
-0.11 0.95 0.18
-0.24 0.94 0.08
-0.24 0.94 0.08
-0.30 0.88 -0.21
-0.27 0.77 -0.47
-0.36 0.75 -0.44
-0.36 0.75 -0.44
-0.60 0.69 -0.29
-0.75 0.54 -0.25
-0.84 0.36 -0.29
-0.84 0.36 -0.29
-0.86 0.19 -0.34
-0.89 0.03 -0.32
-0.84 -0.12 -0.38
-0.84 -0.12 -0.38
-0.75 -0.22 -0.49
-0.67 -0.26 -0.57
-0.62 -0.20 -0.65
-0.63 -0.07 -0.66
-0.72 0.06 -0.57
-0.75 0.19 -0.50
-0.75 0.19 -0.50
-0.74 0.36 -0.44
-0.68 0.54 -0.37
-0.53 0.73 -0.31
-0.53 0.73 -0.31
-0.34 0.84 -0.29
-0.16 0.86 -0.35
-0.03 0.86 -0.40
-0.03 0.86 -0.40
0.04 0.87 -0.38
0.10 0.84 -0.46
0.15 0.79 -0.53
0.15 0.79 -0.53
0.19 0.75 -0.59
0.23 0.74 -0.60
0.20 0.73 -0.62
0.20 0.73 -0.62
0.15 0.77 -0.56
0.08 0.77 -0.54
0.03 0.80 -0.51
0.03 0.80 -0.51
0.02 0.81 -0.50
0.03 0.83 -0.46
0.08 0.85 -0.40
0.08 0.85 -0.40
0.19 0.90 -0.30
0.29 0.90 -0.17
0.30 0.91 -0.07
0.30 0.91 -0.07
0.23 0.93 -0.08
0.11 0.95 -0.08
-0.05 0.95 -0.11
-0.05 0.95 -0.11
-0.23 0.93 -0.11
-0.42 0.85 -0.15
-0.57 0.71 -0.29
-0.57 0.71 -0.29
-0.66 0.56 -0.38
-0.67 0.50 -0.43
-0.67 0.39 -0.52
-0.67 0.39 -0.52
-0.67 0.29 -0.57
-0.66 0.21 -0.61
-0.66 0.13 -0.63
-0.66 0.13 -0.63
-0.68 0.06 -0.62
-0.71 -0.03 -0.59
-0.69 -0.14 -0.59
-0.66 -0.24 -0.60
-0.60 -0.34 -0.62
-0.55 -0.46 -0.59
-0.55 -0.46 -0.59
-0.43 -0.57 -0.61
-0.36 -0.63 -0.62
-0.33 -0.65 -0.62
-0.37 -0.64 -0.60
-0.27 -0.71 -0.59
-0.25 -0.77 -0.53
-0.18 -0.79 -0.54
-0.10 -0.79 -0.57
-0.02 -0.81 -0.58
-0.02 -0.81 -0.58
0.08 -0.83 -0.57
0.21 -0.82 -0.59
0.38 -0.82 -0.55
0.55 -0.80 -0.45
0.55 -0.80 -0.45
0.67 -0.78 -0.32
0.76 -0.73 -0.24
0.82 -0.68 -0.10
0.82 -0.68 -0.10
0.87 -0.60 0.01
0.88 -0.54 0.12
0.86 -0.49 0.25
0.86 -0.49 0.25
0.84 -0.44 0.33
0.85 -0.40 0.34
0.85 -0.39 0.35
0.85 -0.39 0.35
0.86 -0.42 0.31
0.86 -0.52 0.19
0.81 -0.66 0.03
0.81 -0.66 0.03
0.71 -0.78 -0.18
0.56 -0.84 -0.34
0.39 -0.88 -0.43
0.39 -0.88 -0.43
0.18 -0.88 -0.50
0.01 -0.82 -0.58
-0.15 -0.78 -0.58
-0.15 -0.78 -0.58
-0.22 -0.68 -0.65
-0.31 -0.62 -0.66
-0.31 -0.53 -0.73
-0.23 -0.48 -0.81
-0.10 -0.51 -0.84
0.04 -0.58 -0.82
0.35 -0.68 -0.73
0.35 -0.68 -0.73
0.56 -0.70 -0.62
0.78 -0.69 -0.36
0.90 -0.57 -0.27
0.90 -0.57 -0.27
0.97 -0.45 -0.02
0.99 -0.30 0.12
0.96 -0.16 0.28
0.96 -0.16 0.28
0.94 -0.06 0.32
0.87 0.04 0.44
0.72 0.18 0.58
0.72 0.18 0.58
0.57 0.33 0.68
0.34 0.41 0.78
0.21 0.42 0.83
0.21 0.42 0.83
0.05 0.39 0.88
-0.01 0.35 0.90
-0.02 0.32 0.92
-0.02 0.32 0.92
0.00 0.28 0.93
0.02 0.25 0.93
0.08 0.25 0.92
0.08 0.25 0.92
0.19 0.24 0.90
0.39 0.21 0.82
0.55 0.18 0.73
0.55 0.18 0.73
0.67 0.12 0.65
0.80 0.07 0.51
0.92 0.01 0.36
0.92 0.01 0.36
1.00 -0.09 0.18
1.03 -0.25 -0.01
0.99 -0.41 -0.20
0.99 -0.41 -0.20
0.92 -0.52 -0.33
0.78 -0.60 -0.52
0.65 -0.61 -0.66
0.65 -0.61 -0.66
0.51 -0.63 -0.73
0.41 -0.62 -0.78
0.35 -0.63 -0.78
0.35 -0.63 -0.78
0.29 -0.61 -0.81
0.26 -0.61 -0.82
0.33 -0.64 -0.78
0.33 -0.64 -0.78
0.34 -0.65 -0.77
0.37 -0.64 -0.77
0.37 -0.64 -0.76
0.37 -0.64 -0.76
0.37 -0.61 -0.80
0.30 -0.54 -0.85
0.29 -0.50 -0.88
0.29 -0.50 -0.88
0.26 -0.44 -0.91
0.22 -0.40 -0.93
0.10 -0.31 -0.96
0.10 -0.31 -0.96
-0.07 -0.13 -0.96
-0.17 0.07 -0.92
-0.16 0.32 -0.87
-0.14 0.57 -0.72
-0.14 0.57 -0.72
-0.14 0.75 -0.53
-0.12 0.84 -0.40
-0.09 0.89 -0.28
-0.09 0.89 -0.28
-0.05 0.93 -0.16
0.02 0.95 -0.02
0.07 0.94 0.17
0.07 0.94 0.17
0.13 0.90 0.31
0.14 0.87 0.38
0.15 0.88 0.35
0.15 0.88 0.35
0.14 0.91 0.27
0.12 0.94 0.18
0.08 0.95 0.06
0.08 0.95 0.06
0.05 0.94 -0.12
0.04 0.89 -0.32
0.04 0.77 -0.54
0.04 0.77 -0.54
0.04 0.62 -0.72
-0.00 0.45 -0.84
-0.10 0.35 -0.87
-0.10 0.35 -0.87
-0.07 0.35 -0.88
-0.07 0.31 -0.89
-0.09 0.28 -0.90
-0.09 0.28 -0.90
-0.12 0.33 -0.88
-0.16 0.46 -0.80
-0.19 0.67 -0.61
-0.19 0.67 -0.61
-0.20 0.84 -0.36
-0.19 0.91 -0.18
-0.13 0.94 -0.07
-0.13 0.94 -0.07
-0.03 0.95 0.03
0.10 0.95 0.08
0.26 0.90 0.10
0.26 0.90 0.10
0.39 0.86 0.12
0.41 0.85 0.10
0.43 0.85 0.07
0.43 0.85 0.07
0.41 0.86 0.04
0.33 0.89 0.03
0.23 0.92 0.03
0.23 0.92 0.03
0.09 0.95 0.04
-0.15 0.95 0.10
-0.23 0.93 0.22
-0.23 0.93 0.22
-0.24 0.90 0.31
-0.29 0.85 0.43
-0.37 0.75 0.58
-0.37 0.75 0.58
-0.33 0.67 0.69
-0.30 0.59 0.77
-0.28 0.50 0.84
-0.28 0.50 0.84
-0.35 0.38 0.88
-0.37 0.28 0.91
-0.39 0.22 0.92
-0.39 0.22 0.92
-0.40 0.25 0.91
-0.37 0.27 0.91
-0.42 0.28 0.90
-0.42 0.28 0.90
-0.40 0.25 0.91
-0.46 0.23 0.90
-0.49 0.23 0.88
-0.49 0.23 0.88
-0.54 0.26 0.85
-0.54 0.28 0.84
-0.58 0.33 0.80
-0.58 0.33 0.80
-0.57 0.39 0.79
-0.54 0.48 0.76
-0.56 0.59 0.65
-0.56 0.59 0.65
-0.57 0.70 0.50
-0.60 0.78 0.21
-0.62 0.77 0.03
-0.62 0.77 0.03
-0.67 0.72 -0.01
-0.67 0.70 -0.11
-0.69 0.68 -0.13
-0.69 0.68 -0.13
-0.70 0.68 -0.12
-0.69 0.69 -0.08
-0.68 0.70 -0.10
-0.68 0.70 -0.10
-0.66 0.68 -0.14
-0.51 0.78 -0.21
-0.37 0.85 -0.21
-0.37 0.85 -0.21
-0.21 0.89 -0.20
0.02 0.90 -0.25
0.21 0.86 -0.32
0.21 0.86 -0.32
0.35 0.81 -0.37
0.45 0.76 -0.40
0.50 0.75 -0.36
0.50 0.75 -0.36
0.56 0.72 -0.35
0.61 0.70 -0.34
0.62 0.72 -0.23
0.62 0.72 -0.23
0.59 0.77 -0.03
0.54 0.78 0.14
0.56 0.78 0.03
0.56 0.78 0.03
0.53 0.80 -0.13
0.51 0.80 -0.20
0.45 0.79 -0.34
0.45 0.79 -0.34
0.37 0.78 -0.43
0.30 0.81 -0.42
0.24 0.82 -0.42
0.24 0.82 -0.42
0.20 0.82 -0.45
0.20 0.83 -0.43
0.23 0.84 -0.40
0.23 0.84 -0.40
0.29 0.79 -0.46
0.30 0.79 -0.47
0.30 0.77 -0.50
0.30 0.77 -0.50
0.31 0.75 -0.53
0.32 0.71 -0.58
0.32 0.67 -0.64
0.32 0.67 -0.64
0.28 0.58 -0.74
0.28 0.48 -0.83
0.31 0.47 -0.83
0.31 0.47 -0.83
0.34 0.48 -0.81
0.34 0.50 -0.80
0.35 0.49 -0.81
0.35 0.49 -0.81
0.36 0.46 -0.83
0.33 0.41 -0.86
0.27 0.44 -0.85
0.27 0.44 -0.85
0.15 0.46 -0.85
0.08 0.50 -0.83
0.04 0.49 -0.83
0.04 0.49 -0.83
-0.00 0.42 -0.87
0.01 0.33 -0.92
0.06 0.29 -0.93
0.06 0.29 -0.93
0.13 0.18 -0.97
0.13 0.03 -1.00
0.13 -0.07 -1.00
0.13 -0.07 -1.00
0.12 -0.21 -0.99
0.14 -0.28 -0.98
0.17 -0.35 -0.96
0.17 -0.35 -0.96
0.16 -0.41 -0.94
0.15 -0.39 -0.95
0.14 -0.37 -0.95
0.14 -0.37 -0.95
0.14 -0.38 -0.95
0.18 -0.37 -0.96
0.24 -0.29 -0.98
0.24 -0.29 -0.98
0.30 -0.18 -0.99
0.41 -0.02 -0.97
0.49 0.05 -0.94
0.49 0.05 -0.94
0.54 0.14 -0.89
0.54 0.25 -0.85
0.50 0.38 -0.81
0.50 0.38 -0.81
0.41 0.43 -0.80
0.33 0.50 -0.78
0.23 0.61 -0.72
0.23 0.61 -0.72
0.14 0.68 -0.66
0.11 0.74 -0.59
0.11 0.78 -0.52
0.11 0.78 -0.52
0.11 0.82 -0.45
0.12 0.84 -0.40
0.22 0.84 -0.38
0.22 0.84 -0.38
0.27 0.88 -0.21
0.23 0.91 -0.05
0.16 0.93 -0.01
0.16 0.93 -0.01
0.11 0.94 0.03
0.08 0.94 0.14
-0.01 0.93 0.27
-0.01 0.93 0.27
-0.10 0.89 0.40
-0.20 0.85 0.47
-0.46 0.80 0.43
-0.46 0.80 0.43
-0.60 0.77 0.24
-0.73 0.68 0.23
-0.80 0.59 0.21
-0.80 0.59 0.21
-0.86 0.52 0.20
-0.92 0.41 0.11
-0.94 0.37 0.11
-0.94 0.37 0.11
-0.97 0.29 0.09
-0.99 0.04 -0.03
-0.91 -0.22 -0.22
-0.77 -0.31 -0.43
-0.72 -0.40 -0.44
-0.69 -0.45 -0.45
-0.71 -0.49 -0.38
-0.71 -0.49 -0.38
-0.73 -0.52 -0.30
-0.73 -0.55 -0.27
-0.71 -0.61 -0.21
-0.72 -0.62 -0.12
-0.69 -0.59 -0.29
-0.67 -0.62 -0.27
-0.62 -0.66 -0.28
-0.59 -0.71 -0.25
-0.55 -0.75 -0.23
-0.55 -0.75 -0.23
-0.52 -0.78 -0.21
-0.46 -0.82 -0.19
-0.40 -0.86 -0.18
-0.34 -0.89 -0.16
-0.30 -0.91 -0.10
-0.25 -0.93 -0.00
-0.19 -0.95 0.05
-0.19 -0.95 0.05
-0.16 -0.95 0.13
-0.13 -0.95 0.14
-0.13 -0.95 0.13
-0.13 -0.95 0.13
-0.11 -0.95 0.14
-0.09 -0.95 0.16
-0.08 -0.95 0.15
-0.08 -0.95 0.15
-0.06 -0.96 0.13
-0.03 -0.97 0.07
0.05 -0.98 0.04
0.05 -0.98 0.04
0.15 -0.98 -0.13
0.22 -0.97 -0.18
0.33 -0.94 -0.20
0.33 -0.94 -0.20
0.45 -0.92 -0.16
0.54 -0.88 -0.08
0.63 -0.80 0.08
0.63 -0.80 0.08
0.66 -0.70 0.26
0.65 -0.62 0.39
0.66 -0.53 0.47
0.66 -0.53 0.47
0.64 -0.45 0.55
0.60 -0.32 0.65
0.61 -0.27 0.66
0.61 -0.27 0.66
0.67 -0.30 0.59
0.73 -0.43 0.46
0.77 -0.46 0.38
0.77 -0.46 0.38
0.82 -0.52 0.23
0.84 -0.60 0.02
0.80 -0.67 -0.22
0.80 -0.67 -0.22
0.68 -0.69 -0.48
0.54 -0.64 -0.68
0.41 -0.60 -0.78
0.41 -0.60 -0.78
0.32 -0.57 -0.81
0.28 -0.50 -0.86
0.25 -0.45 -0.89
0.25 -0.45 -0.89
0.25 -0.39 -0.92
0.28 -0.32 -0.94
0.30 -0.23 -0.95
0.30 -0.23 -0.95
0.34 -0.14 -0.96
0.38 -0.08 -0.95
0.43 -0.03 -0.94
0.43 -0.03 -0.94
0.50 0.02 -0.91
0.54 0.09 -0.89
0.58 0.13 -0.86
0.58 0.13 -0.86
0.63 0.14 -0.83
0.68 0.17 -0.79
0.70 0.25 -0.73
0.70 0.25 -0.73
0.72 0.34 -0.67
0.71 0.38 -0.64
0.71 0.45 -0.58
0.71 0.45 -0.58
0.67 0.56 -0.48
0.65 0.59 -0.46
0.59 0.64 -0.44
0.59 0.64 -0.44
0.57 0.68 -0.39
0.55 0.70 -0.38
0.49 0.70 -0.44
0.49 0.70 -0.44
0.49 0.64 -0.55
0.49 0.56 -0.65
0.49 0.48 -0.72
0.49 0.48 -0.72
0.55 0.44 -0.71
0.60 0.37 -0.73
0.63 0.29 -0.77
0.63 0.29 -0.77
0.67 0.17 -0.80
0.70 0.03 -0.81
0.77 0.07 -0.75
0.77 0.07 -0.75
0.83 0.03 -0.70
0.90 -0.01 -0.63
0.92 -0.09 -0.62
0.92 -0.09 -0.62
0.91 -0.25 -0.61
0.90 -0.38 -0.56
0.88 -0.45 -0.55
0.88 -0.45 -0.55
0.82 -0.55 -0.55
0.74 -0.53 -0.68
0.64 -0.54 -0.74
0.64 -0.54 -0.74
0.55 -0.53 -0.80
0.43 -0.59 -0.81
0.35 -0.65 -0.77
0.35 -0.65 -0.77
0.32 -0.64 -0.78
0.28 -0.63 -0.80
0.19 -0.63 -0.81
0.19 -0.63 -0.81
0.19 -0.64 -0.79
0.18 -0.65 -0.79
0.14 -0.61 -0.82
0.14 -0.61 -0.82
0.10 -0.63 -0.80
0.06 -0.66 -0.78
0.04 -0.83 -0.58
0.04 -0.83 -0.58
-0.01 -0.96 -0.26
-0.01 -0.98 0.07
0.01 -0.92 0.32
0.00 -0.84 0.47
0.00 -0.84 0.47
-0.00 -0.77 0.57
-0.04 -0.74 0.60
-0.09 -0.78 0.55
-0.09 -0.78 0.55
-0.18 -0.80 0.51
-0.31 -0.81 0.42
-0.34 -0.82 0.40
-0.34 -0.82 0.40
-0.34 -0.85 0.32
-0.30 -0.90 0.18
-0.14 -0.97 -0.03
-0.02 -0.93 -0.36
-0.02 -0.93 -0.36
0.06 -0.91 -0.44
0.09 -0.93 -0.40
0.13 -0.93 -0.40
0.16 -0.92 -0.41
0.16 -0.92 -0.41
0.13 -0.92 -0.40
0.06 -0.92 -0.41
0.01 -0.92 -0.39
0.01 -0.92 -0.39
-0.03 -0.92 -0.37
-0.04 -0.92 -0.38
-0.02 -0.91 -0.40
0.02 -0.90 -0.46
0.10 -0.85 -0.55
0.10 -0.85 -0.55
0.43 -0.64 -0.73
0.43 -0.64 -0.73
0.49 -0.60 -0.73
0.66 -0.51 -0.69
0.66 -0.48 -0.70
0.66 -0.48 -0.70
0.65 -0.46 -0.72
0.62 -0.46 -0.74
0.54 -0.45 -0.79
0.54 -0.45 -0.79
0.56 -0.41 -0.83
0.51 -0.35 -0.91
0.51 -0.32 -0.93
0.51 -0.32 -0.93
0.52 -0.40 -0.92
0.58 -0.47 -0.91
0.58 -0.63 -0.81
0.60 -0.63 -0.81
0.56 -0.72 -0.77
0.48 -0.80 -0.69
0.48 -0.82 -0.64
0.44 -0.82 -0.64
0.44 -0.81 -0.64
0.44 -0.82 -0.65
0.44 -0.82 -0.65
0.44 -0.82 -0.65
0.44 -0.82 -0.65
0.44 -0.82 -0.65
0.44 -0.82 -0.65
0.44 -0.82 -0.65
0.44 -0.82 -0.65
0.45 -0.82 -0.65
0.45 -0.82 -0.65
0.44 -0.82 -0.65
0.44 -0.82 -0.65
0.44 -0.82 -0.65
0.44 -0.82 -0.65
0.44 -0.82 -0.65
0.44 -0.82 -0.65
0.44 -0.82 -0.65
0.44 -0.82 -0.65
0.44 -0.82 -0.65
0.44 -0.82 -0.65
0.44 -0.82 -0.65
0.44 -0.82 -0.65
0.44 -0.82 -0.65
0.44 -0.82 -0.65
0.44 -0.82 -0.65
0.44 -0.82 -0.65
0.44 -0.82 -0.65
0.44 -0.82 -0.65
0.44 -0.82 -0.65
0.44 -0.82 -0.65
0.44 -0.82 -0.65
0.44 -0.82 -0.65
0.44 -0.82 -0.65
