-99.78 336.89 -319.09
-99.78 336.89 -318.36
-99.78 337.62 -318.36
-100.51 337.62 -318.36
-100.51 337.62 -318.36
-101.24 336.89 -319.09
-101.24 336.89 -318.36
-100.51 336.89 -319.09
-100.51 336.89 -318.36
-100.51 336.89 -319.09
-101.24 336.16 -319.09
-101.24 336.89 -319.82
-100.51 337.62 -318.36
-99.78 336.89 -319.09
-100.51 336.89 -318.36
-100.51 337.62 -318.36
-99.78 336.16 -318.36
-100.51 337.62 -318.36
-100.51 336.89 -318.36
-100.51 336.16 -317.63
-101.24 337.62 -318.36
-101.24 336.89 -317.63
-99.78 337.62 -318.36
-100.51 336.89 -318.36
-100.51 337.62 -317.63
-100.51 336.89 -318.36
-100.51 337.62 -318.36
-101.24 337.62 -318.36
-101.24 337.62 -318.36
-100.51 336.89 -317.63
-100.51 336.89 -317.63
-99.78 336.89 -318.36
-100.51 336.89 -318.36
-101.24 337.62 -317.63
-100.51 336.89 -316.90
-100.51 337.62 -318.36
-99.78 337.62 -317.63
-100.51 336.89 -318.36
-101.24 336.89 -318.36
-99.78 337.62 -318.36
-99.78 336.89 -318.36
-101.24 336.89 -318.36
-101.24 336.89 -317.63
-101.24 337.62 -317.63
-100.51 337.62 -317.63
-100.51 336.89 -318.36
-99.78 336.16 -318.36
-99.78 337.62 -317.63
-100.51 336.89 -319.09
-100.51 336.89 -318.36
-100.51 336.89 -319.09
-101.24 338.35 -317.63
-100.51 337.62 -318.36
-100.51 337.62 -316.90
-100.51 336.89 -319.09
-99.78 337.62 -318.36
-100.51 337.62 -317.63
-99.78 336.89 -318.36
-100.51 336.89 -318.36
-100.51 338.35 -318.36
-100.51 336.89 -319.09
-99.78 336.89 -319.09
-100.51 337.62 -318.36
-100.51 336.89 -318.36
-100.51 337.62 -318.36
-100.51 336.89 -318.36
-100.51 336.89 -317.63
-101.24 337.62 -319.09
-101.24 336.89 -318.36
-100.51 336.89 -319.09
-100.51 336.16 -318.36
-99.78 336.89 -318.36
-100.51 336.89 -318.36
-100.51 338.35 -318.36
-100.51 337.62 -317.63
-101.24 336.89 -318.36
-100.51 337.62 -318.36
-101.24 337.62 -317.63
-100.51 337.62 -318.36
-99.78 336.89 -319.09
-100.51 336.89 -318.36
-100.51 337.62 -319.09
-100.51 336.89 -318.36
-100.51 337.62 -319.09
-100.51 338.35 -318.36
-100.51 337.62 -318.36
-99.78 337.62 -318.36
-101.97 337.62 -318.36
-99.78 336.89 -317.63
-101.24 337.62 -317.63
-100.51 338.35 -317.63
-101.24 337.62 -318.36
-101.24 338.35 -318.36
-101.24 337.62 -318.36
-100.51 337.62 -319.09
-100.51 337.62 -319.09
-101.24 337.62 -318.36
-101.97 336.89 -318.36
-101.24 338.35 -317.63
-99.78 336.89 -318.36
-100.51 337.62 -318.36
-100.51 337.62 -318.36
-100.51 337.62 -319.09
-101.24 336.89 -319.09
-100.51 338.35 -318.36
-100.51 337.62 -318.36
-100.51 337.62 -318.36
-99.78 338.35 -319.09
-100.51 336.89 -318.36
-101.24 337.62 -319.09
-99.78 338.35 -319.09
-100.51 337.62 -319.09
-100.51 336.89 -319.09
-101.97 337.62 -320.55
-101.24 336.89 -319.82
-100.51 337.62 -319.09
-100.51 336.89 -319.09
-101.24 337.62 -318.36
-100.51 338.35 -319.09
-100.51 337.62 -319.82
-100.51 338.35 -319.09
-100.51 336.89 -319.82
-101.24 337.62 -319.82
-100.51 337.62 -321.28
-101.24 337.62 -318.36
-100.51 337.62 -319.09
-100.51 337.62 -319.09
-99.78 336.89 -319.09
-100.51 336.89 -319.82
-100.51 336.89 -319.09
-100.51 337.62 -319.09
-100.51 336.89 -319.09
-100.51 336.89 -319.09
-101.24 337.62 -320.55
-100.51 336.89 -319.09
-100.51 337.62 -319.82
-99.78 336.89 -319.82
-101.24 336.89 -319.82
-99.78 336.89 -320.55
-100.51 337.62 -318.36
-101.24 336.89 -319.09
-100.51 337.62 -319.09
-100.51 337.62 -319.82
-100.51 339.08 -318.36
-101.24 336.89 -319.82
-100.51 336.16 -319.82
-99.05 338.35 -319.09
-100.51 337.62 -318.36
-100.51 337.62 -318.36
-99.78 339.08 -318.36
-99.78 337.62 -318.36
-99.78 337.62 -319.82
-99.78 337.62 -319.09
-101.24 337.62 -319.82
-100.51 337.62 -319.09
-100.51 337.62 -318.36
-99.05 337.62 -319.82
-100.51 337.62 -318.36
-101.24 337.62 -318.36
-100.51 337.62 -319.09
-100.51 337.62 -318.36
-100.51 337.62 -318.36
-100.51 337.62 -318.36
-100.51 337.62 -318.36
-101.24 337.62 -318.36
-101.24 337.62 -319.82
-99.78 338.35 -318.36
-100.51 338.35 -318.36
-101.97 336.89 -319.09
-101.24 337.62 -318.36
-100.51 338.35 -319.09
-101.97 336.89 -318.36
-99.78 337.62 -318.36
-99.78 336.89 -319.09
-101.24 338.35 -318.36
-99.78 337.62 -318.36
-101.97 338.35 -317.63
-101.24 337.62 -318.36
-100.51 337.62 -317.63
-99.78 337.62 -319.09
-99.78 337.62 -318.36
-100.51 336.89 -319.09
-100.51 337.62 -318.36
-100.51 336.16 -319.09
-100.51 337.62 -318.36
-101.24 337.62 -317.63
-100.51 337.62 -319.82
-99.05 338.35 -319.09
-100.51 336.16 -319.82
-100.51 337.62 -319.09
-101.24 336.89 -318.36
-100.51 337.62 -319.09
-101.97 338.35 -319.09
-100.51 337.62 -319.09
-101.24 336.89 -318.36
-101.97 336.89 -319.09
-101.24 336.89 -319.82
-100.51 338.35 -319.82
-100.51 337.62 -319.82
-96.86 341.27 -316.90
-96.86 336.16 -320.55
-100.51 331.05 -324.20
-68.39 307.69 -353.40
-112.92 310.61 -332.96
-230.45 298.93 -265.07
-291.77 294.55 -206.67
-391.05 210.60 -121.99
-429.74 150.01 -73.08
-423.90 27.37 -127.10
-418.06 -19.35 -135.86
-418.79 -121.55 -72.35
-404.92 -181.41 -35.12
-371.34 -253.68 48.10
-356.01 -270.47 95.55
-334.84 -279.96 143.73
-292.50 -260.98 251.77
-326.08 -195.28 275.13
-439.23 -25.19 173.66
-456.75 12.77 96.28
-458.21 0.36 79.49
-449.45 -60.96 92.63
-440.69 -85.78 123.29
-426.09 -132.50 127.67
-392.51 -205.50 140.81
-398.35 -196.74 138.62
-397.62 -194.55 141.54
-401.27 -186.52 140.81
-404.92 -175.57 149.57
-396.89 -193.09 148.11
-356.74 -268.28 126.94
-318.05 -311.35 129.86
-237.75 -371.21 151.76
-205.63 -389.46 151.76
-207.09 -392.38 143.73
-206.36 -396.03 132.05
-280.09 -345.66 129.86
-357.47 -260.98 129.86
-440.69 -79.21 126.21
-449.45 -31.76 119.64
-456.75 3.28 101.39
-457.48 -0.37 81.68
-457.48 -10.59 65.62
-451.64 -57.31 78.76
-435.58 -90.89 141.54
-416.60 -128.12 164.17
-340.68 -163.16 276.59
-370.61 -173.38 224.03
-432.66 -127.39 48.83
-427.55 -84.32 -76.73
-359.66 33.94 -233.68
-350.17 100.37 -233.68
-364.04 150.01 -196.45
-312.94 252.21 -202.29
-288.12 305.50 -181.12
-194.68 379.96 -183.31
-147.23 407.70 -177.47
-69.12 404.78 -224.19
-28.97 371.20 -281.13
29.43 381.42 -273.83
35.27 371.93 -287.70
37.46 348.57 -313.25
65.20 352.95 -303.76
63.74 353.68 -304.49
73.23 369.74 -281.86
76.88 369.74 -281.13
88.56 379.23 -265.07
97.32 376.31 -266.53
128.71 358.79 -276.02
147.69 358.79 -267.99
182.00 363.90 -239.52
197.33 361.71 -229.30
212.66 358.06 -222.00
233.10 344.92 -221.27
251.35 335.43 -218.35
268.14 321.56 -220.54
322.16 295.28 -176.01
341.87 261.70 -193.53
359.39 219.36 -221.27
398.08 169.72 -200.10
406.11 141.98 -210.32
402.46 119.35 -239.52
381.29 100.37 -289.16
352.09 77.01 -335.15
343.33 30.29 -359.97
107.54 -138.34 -453.41
28.70 -214.26 -423.48
108.27 -160.97 -433.70
71.77 -171.92 -427.86
63.74 -193.09 -422.75
89.29 -209.15 -416.18
81.99 -223.75 -409.61
97.32 -239.81 -403.04
111.19 -256.60 -391.36
120.68 -275.58 -378.22
117.76 -299.67 -363.62
82.72 -288.72 -372.38
15.56 -283.61 -370.92
23.59 -293.83 -365.08
67.39 -306.97 -359.24
146.96 -267.55 -381.14
193.68 -231.05 -389.90
341.14 -81.40 -363.62
344.79 -28.11 -365.81
359.39 4.74 -349.75
365.23 -12.05 -346.10
346.25 -50.74 -363.62
277.63 -51.47 -416.18
209.74 -79.94 -445.38
108.27 -116.44 -461.44
-105.62 -126.66 -422.75
-182.27 -109.14 -390.63
-328.27 -81.40 -267.26
-372.07 -47.09 -213.24
-456.75 14.23 88.25
-415.14 28.83 234.98
-351.63 21.53 325.50
-280.09 18.61 381.71
-239.21 14.23 402.88
-204.90 9.12 418.21
-101.97 -20.08 438.65
-58.90 -28.11 441.57
17.02 -27.38 436.46
41.11 -28.84 430.62
44.03 -25.92 429.89
-27.51 -23.73 437.92
-77.88 -30.30 436.46
-144.31 -47.82 424.05
-285.20 -91.62 347.40
-356.01 -93.81 276.59
-421.71 -106.22 144.46
-268.41 -156.59 -306.68
-172.78 -147.83 -383.33
184.19 -180.68 -424.21
309.75 -139.07 -375.30
396.62 -46.36 -302.30
435.31 -25.92 -231.49
465.97 -0.37 -97.90
466.70 8.39 -95.71
464.51 17.15 -88.41
441.15 44.89 -205.94
398.08 117.89 -253.39
362.31 164.61 -276.02
238.21 227.39 -346.10
184.19 293.09 -317.63
203.17 293.09 -307.41
200.25 300.39 -304.49
162.29 283.60 -338.07
82.72 282.14 -359.24
-146.50 276.30 -321.28
-196.87 239.80 -317.63
-278.63 201.84 -273.83
-265.49 126.65 -315.44
-266.22 12.04 -330.77
-296.88 -55.85 -292.08
-307.10 -219.37 -197.18
-262.57 -230.32 -243.90
-164.02 -269.01 -303.03
-109.27 -296.75 -313.25
-55.98 -332.52 -303.03
-40.65 -363.18 -278.21
-4.88 -374.13 -278.21
11.18 -382.89 -269.45
48.41 -392.38 -257.04
90.75 -387.27 -265.07
100.24 -385.81 -267.26
112.65 -377.78 -277.48
129.44 -389.46 -256.31
136.74 -419.39 -195.72
209.01 -379.24 -235.87
287.12 -311.35 -267.99
353.55 -198.20 -305.22
357.93 -162.43 -319.09
353.55 -141.26 -334.42
343.33 -145.64 -340.99
348.44 -135.42 -341.72
352.82 -132.50 -337.34
286.39 -233.97 -342.45
192.95 -336.90 -305.95
-84.45 -362.45 -257.77
-154.53 -296.75 -286.24
-182.27 -224.48 -323.47
-207.82 -225.21 -303.03
-210.01 -193.82 -323.47
-186.65 -171.19 -349.75
-237.02 -141.99 -323.47
-266.22 -77.02 -315.44
-244.32 68.25 -339.53
-164.02 96.72 -389.17
82.72 88.69 -449.76
183.46 110.59 -427.13
257.19 157.31 -379.68
351.36 144.90 -314.71
421.44 70.44 -252.66
462.32 75.55 -96.44
333.84 144.17 234.98
352.09 133.95 217.46
345.52 116.43 232.79
360.85 118.62 212.35
370.34 130.30 188.99
421.44 162.42 50.29
428.01 164.61 -6.65
428.01 179.94 -86.22
317.05 140.52 -347.56
125.79 141.98 -430.05
-58.90 129.57 -419.10
-296.15 90.88 -289.16
-373.53 116.43 -177.47
-425.36 163.15 7.95
-391.05 136.14 265.64
-310.02 126.65 364.92
-178.62 120.81 437.92
-117.30 112.05 453.25
-39.92 97.45 459.82
36.73 107.67 449.60
56.44 101.10 445.95
48.41 100.37 448.14
27.97 120.81 450.33
25.78 120.08 450.33
20.67 110.59 453.25
39.65 132.49 444.49
31.62 141.25 444.49
33.08 163.15 437.92
6.07 148.55 445.95
-22.40 159.50 441.57
-13.64 172.64 433.54
54.25 188.70 414.56
94.40 194.54 401.42
104.62 184.32 400.69
13.37 160.96 432.08
-74.23 144.90 441.57
-189.57 112.78 370.76
-368.42 144.90 291.19
-399.81 168.26 230.60
-442.15 154.39 102.85
-416.60 155.12 -89.87
-298.34 136.87 -286.97
-305.64 135.41 -277.48
-315.86 120.81 -272.37
-323.16 115.70 -263.61
-332.65 115.70 -254.85
-360.39 101.10 -227.11
-281.55 -28.84 -329.31
-269.87 -80.67 -326.39
-293.23 -123.01 -289.16
-326.08 -169.00 -225.65
-320.24 -174.84 -230.03
-197.60 -387.27 -119.80
-207.82 -399.68 -42.42
-250.16 -366.10 88.25
-258.19 -346.39 132.05
-264.03 -315.73 188.26
-264.76 -300.40 207.24
-258.92 -279.23 240.82
-266.95 -267.55 248.85
-207.82 -209.15 341.56
-152.34 -179.95 380.25
-198.33 -175.57 367.84
-210.74 -156.59 373.68
-214.39 -77.02 404.34
-228.99 -16.43 408.72
-237.02 55.11 407.26
-253.81 148.55 383.17
-255.27 212.79 357.62
-267.68 252.94 324.77
-301.99 313.53 237.90
-313.67 331.78 192.64
-318.78 343.46 154.68
-315.13 357.33 126.21
-314.40 353.68 138.62
-315.86 350.76 146.65
-313.67 355.87 132.78
-314.40 352.95 139.35
-309.29 308.42 244.47
-297.61 211.33 330.61
-278.63 62.41 386.09
-240.67 -231.78 309.44
-234.10 -308.43 232.06
-226.07 -385.08 16.71
-245.78 -366.83 -57.02
-255.27 -341.28 -112.50
-262.57 -323.03 -140.97
-263.30 -316.46 -153.38
-265.49 -290.18 -187.69
-283.74 -260.25 -200.83
-272.79 -244.92 -233.68
-241.40 -266.09 -251.20
-128.25 -350.04 -259.96
-94.67 -374.13 -246.82
-53.06 -368.29 -276.02
-139.20 -310.62 -292.08
-285.20 -123.74 -289.89
-310.75 -50.01 -282.59
-305.64 -19.35 -295.73
-304.18 -25.19 -297.19
-312.94 -9.13 -289.89
-320.24 34.67 -281.86
-304.91 111.32 -286.24
-301.99 128.11 -285.51
-288.12 171.18 -280.40
-285.20 177.75 -281.86
-270.60 182.86 -289.89
-293.96 172.64 -269.45
-300.53 189.43 -254.85
-249.43 244.18 -271.64
-212.20 301.85 -255.58
-230.45 304.77 -239.52
-275.71 327.40 -168.71
-288.85 339.81 -128.56
-314.40 348.57 -59.21
-319.51 352.22 -36.58
-318.05 357.33 -27.09
-312.94 363.90 -16.14
-316.59 361.71 -8.11
-322.43 359.52 2.84
-326.08 355.87 21.09
-328.27 355.14 26.93
-328.27 355.87 32.77
-329.00 355.87 45.91
-329.73 357.33 49.56
-327.54 358.06 42.99
-329.00 319.37 -92.06
-332.65 221.55 -201.56
-318.78 -31.03 -278.94
-305.64 -106.95 -273.83
-325.35 -144.18 -228.57
-324.62 -148.56 -225.65
-301.99 -163.89 -247.55
-260.38 -201.12 -270.91
-191.03 -256.60 -295.00
-168.40 -263.90 -306.68
-163.29 -260.25 -314.71
-139.20 -279.96 -314.71
-47.22 -314.27 -335.15
-53.79 -336.90 -308.14
-50.14 -364.64 -277.48
-20.94 -364.64 -289.89
-2.69 -359.53 -303.03
-10.72 -361.72 -298.65
17.75 -352.23 -313.98
28.70 -344.93 -324.20
29.43 -324.49 -343.18
0.96 -243.46 -400.12
-6.34 -166.81 -431.51
0.96 -87.24 -455.60
-24.59 23.72 -456.33
-31.16 91.61 -447.57
-72.77 135.41 -426.40
-81.53 210.60 -393.55
-54.52 258.05 -374.57
-1.23 319.37 -335.88
19.94 401.13 -241.71
6.07 415.73 -218.35
-5.61 421.57 -209.59
-12.18 403.32 -240.25
-12.18 368.28 -286.97
0.96 329.59 -329.31
-11.45 111.32 -444.65
-50.87 -65.34 -446.84
-91.02 -329.60 -300.84
-58.17 -404.06 -212.51
-32.62 -457.35 -6.65
-33.35 -448.59 56.13
-33.35 -446.40 72.92
-61.82 -431.07 112.34
-72.77 -410.63 156.87
-68.39 -397.49 186.80
-93.21 -336.90 267.10
-108.54 -306.97 294.11
-109.27 -274.12 321.12
-123.14 -203.31 367.11
-120.22 -179.95 380.98
-111.46 -149.29 395.58
-118.03 -136.88 399.23
-111.46 -112.06 410.91
-112.92 -75.56 420.40
-131.90 36.86 432.08
-119.49 115.70 428.43
-129.71 198.92 403.61
-148.69 258.05 371.49
-132.63 294.55 353.24
-131.17 318.64 334.99
-130.44 316.45 337.91
-121.68 325.21 332.80
-115.11 344.92 314.55
-115.11 339.08 318.20
-110.00 337.62 320.39
-82.99 363.17 297.76
-66.93 404.05 247.39
-58.17 456.61 136.43
-23.86 463.18 -93.52
-18.02 434.71 -175.28
-29.70 386.53 -254.12
-46.49 301.85 -338.80
-46.49 296.01 -343.91
-50.14 288.71 -349.02
-58.17 279.95 -353.40
-56.71 281.41 -353.40
-46.49 320.10 -323.47
-29.70 406.24 -224.19
-35.54 475.59 -28.55
-102.70 344.92 316.74
-133.36 229.58 391.93
-161.83 104.02 421.86
-266.22 -188.71 310.17
-218.77 -309.89 224.03
-87.37 -430.34 67.81
-39.92 -445.67 16.71
-24.59 -449.32 -38.04
-17.29 -444.94 -98.63
-25.32 -442.02 -118.34
-41.38 -425.96 -165.79
-58.17 -409.17 -194.26
-21.67 -347.85 -304.49
-32.62 -348.58 -298.65
-28.24 -338.36 -314.71
-37.73 -337.63 -313.98
-35.54 -335.44 -318.36
-38.46 -329.60 -322.01
-39.19 -327.41 -324.93
-31.89 -326.68 -328.58
54.98 -320.84 -348.29
196.60 -309.16 -330.77
256.46 -323.76 -277.48
283.47 -269.01 -316.90
93.67 -326.68 -341.72
61.55 -382.16 -277.48
71.04 -365.37 -299.38
86.37 -356.61 -312.52
105.35 -367.56 -296.46
135.28 -376.32 -276.02
228.72 -373.40 -223.46
302.45 -361.72 -119.80
305.37 -347.85 29.12
236.75 -360.26 129.13
150.61 -351.50 225.49
-1.23 -304.05 312.36
-61.09 -302.59 310.90
-167.67 -298.94 285.35
-174.97 -298.21 283.89
-137.01 -301.86 298.49
-115.11 -301.86 304.33
-91.75 -303.32 309.44
-82.99 -305.51 307.98
-73.50 -306.24 307.98
42.57 -279.23 326.96
159.37 -262.44 298.49
271.06 -258.79 220.38
397.35 -258.79 -41.69
375.45 -263.90 -200.10
294.42 -254.41 -327.85
96.59 -284.34 -384.06
50.60 -284.34 -385.52
-37.00 -267.55 -379.68
-63.28 -288.72 -356.32
-87.37 -283.61 -349.02
-99.05 -293.83 -334.42
-204.17 -305.51 -250.47
-294.69 -285.80 -151.92
-374.26 -244.19 24.01
-385.94 -214.26 115.26
-366.96 -144.18 252.50
-350.17 -131.04 281.70
-314.40 -154.40 309.44
-296.88 -162.43 326.23
-263.30 -171.92 356.89
-258.19 -174.11 366.38
-278.63 -182.14 332.07
-314.40 -201.12 282.43
-359.66 -250.03 158.33
-364.04 -261.71 99.93
-358.93 -273.39 25.47
-236.29 -298.94 -227.11
-72.04 -309.89 -335.88
227.99 -270.47 -351.21
240.40 -271.93 -344.64
202.44 -305.51 -335.15
203.17 -347.85 -289.16
158.64 -442.02 -69.43
140.39 -423.77 84.60
127.98 -381.43 181.69
103.16 -312.81 275.86
92.94 -296.75 292.65
95.86 -305.51 283.89
148.42 -436.91 26.93
153.53 -424.50 -181.85
125.06 -234.70 -411.07
113.38 -169.73 -439.54
97.32 19.34 -462.90
79.80 129.57 -440.27
49.87 275.57 -371.65
6.80 447.85 -142.43
9.72 460.26 -105.93
13.37 457.34 -112.50
14.83 452.23 -134.40
19.94 447.12 -141.70
27.24 445.66 -146.81
37.46 435.44 -170.17
57.90 403.32 -231.49
97.32 196.00 -414.72
121.41 11.31 -460.71
115.57 -142.72 -446.11
128.71 -298.94 -362.89
117.76 -339.82 -328.58
124.33 -339.82 -325.66
128.71 -335.44 -330.04
130.17 -326.68 -338.80
134.55 -325.95 -338.07
192.95 -324.49 -321.28
265.95 -327.41 -267.26
337.49 -328.14 -128.56
323.62 -347.85 -62.86
298.80 -349.31 47.37
298.80 -339.82 67.08
303.18 -335.44 70.00
336.76 -331.06 -30.01
330.92 -333.25 -146.81
265.22 -333.25 -256.31
100.97 -359.53 -303.76
75.42 -351.50 -316.90
0.23 -338.36 -324.93
-110.00 -332.52 -284.05
-338.49 -261.71 -65.78
-373.53 -228.86 34.96
-350.90 -236.89 144.46
-337.76 -240.54 166.36
-345.06 -247.84 138.62
-350.90 -257.33 75.84
-342.87 -268.28 -21.98
-153.07 -356.61 -218.35
3.15 -385.08 -264.34
236.02 -320.84 -300.11
263.76 -297.48 -304.49
256.46 -313.54 -294.27
247.70 -315.73 -299.38
223.61 -328.14 -300.84
198.06 -336.90 -308.14
182.73 -337.63 -313.25
191.49 -336.17 -312.52
187.11 -335.44 -313.98
182.73 -337.63 -312.52
175.43 -341.28 -313.25
165.94 -347.85 -311.06
168.86 -347.12 -314.71
177.62 -342.01 -316.90
173.24 -350.04 -311.79
155.72 -371.21 -292.81
131.63 -377.05 -296.46
141.85 -383.62 -284.78
190.03 -394.57 -244.63
190.76 -388.00 -257.77
198.06 -382.16 -270.91
219.23 -379.97 -261.42
251.35 -295.29 -343.91
253.54 -298.21 -337.34
253.54 -298.21 -339.53
252.81 -297.48 -339.53
253.54 -296.75 -340.99
252.81 -296.02 -339.53
253.54 -295.29 -341.72
253.54 -296.75 -340.26
252.81 -294.56 -340.26
252.81 -295.29 -341.72
253.54 -294.56 -341.72
252.81 -294.56 -341.72
252.81 -293.83 -341.72
252.81 -293.10 -341.72
252.81 -293.83 -343.18
251.35 -293.10 -342.45
252.81 -293.10 -343.18
252.81 -295.29 -343.18
252.08 -293.83 -342.45
252.08 -293.10 -343.18
252.81 -293.83 -343.91
252.81 -294.56 -343.18
252.81 -293.10 -343.18
252.81 -293.83 -343.91
252.08 -293.83 -342.45
251.35 -293.10 -343.91
252.08 -292.37 -343.91
252.81 -293.10 -343.18
252.81 -292.37 -343.91
252.08 -292.37 -343.18
252.81 -291.64 -343.18
252.81 -293.83 -343.18
252.81 -293.10 -343.91
252.08 -293.10 -343.91
251.35 -292.37 -343.91
252.08 -293.10 -343.91
252.81 -293.10 -343.18
